Story/N_Act_1_001,你，听说过唐门吗？
Story/N_Act_1_002,天下第一暗器大家，坐镇四川蜀中，享誉江湖数十载。
Story/N_Act_1_003,囊里金钱镖、藏衣袖里箭、发束牛毛针，壶中鹤顶红。
Story/N_Act_1_004,唐门中人，全身上下无一不是凶器。
Story/D_Act_1_001,蛤？
Story/D_Act_1_002,无一不是凶器。
Story/D_Act_1_003,嗯，哦。我有听到，可是你突然跟我讲这个干什么？
Story/D_Act_1_004,实不相瞒，在下正是唐门中人。\n难得与老兄你有缘，我就想问问你，有没有兴趣加入唐门？
Story/D_Act_1_005,不，可是我们只不过是并桌吃面，\n你突然跟我讲这个我也很困扰啊……
Story/D_Act_1_006,说到底，我为什么要加入唐门啊。
Story/D_Act_1_007,加入唐门很好啊！\n你可以学会一身武功，行侠仗义。
Story/D_Act_1_008,不不，你先瞅瞅我这身行当。\n实不相瞒，我就一个卖捏面人的小贩，日子得过且过罢了。\n都快吃不上饭了，哪儿有啥劳什子力气去管别人的事呢？
Story/D_Act_1_009,呃……学武功有很多好处的，\n可以强身健体，强身健体之后你自然便有力气了。
Story/D_Act_1_010,免了，我不管别人闲事的话，自然也不需要力气了，安居乐业很好。
Story/D_Act_1_011,话是这么说没错，但是学了武功很威风的……。
Story/D_Act_1_012,……兄台，虽然萍水相逢，但我唠叨劝你一句。\n你都老大不小了，不思进取寻个妥当营生，\n老是在结伙搞帮派，滋扰民生，你爹娘都知道吗？
Story/D_Act_1_013,呃，这个……这个……。
Story/D_Act_1_014,我就不明白了，你们这些所谓江湖中人成天打打杀杀究竟图个什么？\n就为了威风二字？简直可笑、粗鲁！
Story/T_Act_1_001,真委屈……。
Story/D_Act_1_015,喂，怎么说你几句就要哭了，别哭了。\n要不你和我说说，你唐门都怎么练功好了，我破例听一听。
Story/D_Act_1_016,哦，好。
Story/D_Act_1_017,这是本门的唐家大院，弟子日常都在此作息、练功。
Story/D_Act_1_018,参与团练。
Story/D_Act_1_019,炼制丹药。
Story/D_Act_1_020,锻冶兵器。
Story/D_Act_1_021,就没刺激一点的花样吗？
Story/D_Act_1_022,刺激吗？当然有。
Story/D_Act_1_023,比如唐门练功塔，无论尊卑贵贱，男女老少都能挑战。\n闯关成功，便有奖赏。
Story/D_Act_1_024,不论尊卑贵贱？
Story/D_Act_1_025,不论尊卑贵贱。
Story/D_Act_1_026,各位师兄早──
Story/D_Act_1_027,像你这种未得亲传的下贱外姓弟子，\n没有资格参加我唐门练功塔举办的挑战者大赛！
Story/D_Act_1_028,怎、怎么能这样？不是说好无论尊卑贵贱都能挑战的吗？
Story/D_Act_1_029,你说得对，我们只是想骂你而已，你可以参加啦。
Story/D_Act_1_030,可恶！
Story/O_Act_1_001,挑战方
Story/O_Act_1_002,防守方
Story/D_Act_2_1_001,我们来了！
Story/D_Act_2_1_002,各位师兄好啊，今儿个来闯练功塔可得留神了！\n咱们守塔的也没虚度光阴，彻夜习练了别派武功。\n有道是知己知彼，百战百胜，准备接招吧！
Story/O_Act_2_1_001,唐门弟子(嵩山口味)
Story/D_Act_2_1_003,阿弥陀佛，施主，去死。
Story/D_Act_2_1_004,哪有和尚说话像你这么不客气的！
Story/D_Act_2_1_005,哦，对不住，让我重来。
Story/D_Act_2_1_006,阿弥陀佛，施主，可以请你快点去死吗？
Story/D_Act_2_1_007,……算了，当我没说。
Story/O_Act_2_1_002,唐门弟子(点苍口味)
Story/D_Act_2_1_008,让你们见识我点苍快剑的威力！
Story/D_Act_2_1_009,好的很！
Story/D_Act_2_1_010,点苍剑法？那我也来参一脚，不介意吧？
Story/D_Act_2_1_011,叶兄！你、你来凑什么热闹啊。
Story/D_Act_2_1_012,好你个点苍叛徒，吃我一剑！
Story/T_Act_2_1_001,师弟，住口啊！这个人开不起玩笑的！会出人命的！
Story/O_Act_2_1_003,唐门女弟子(锦香宫口味)
Story/D_Act_2_1_013,师兄们，待会儿可得手下留情呀。\n倘若打疼了我们，今日晚饭，你们便拔路边野草吃吧。
Story/D_Act_2_1_014,……抱歉了师兄，我决定临阵倒戈。
Story/D_Act_2_1_015,怎么这样！这样咱们还用打吗？
Story/D_Act_2_1_016,没有……鸡腿？
Story/D_Act_2_1_017,湘姊，你来干嘛？这是本门练功塔耶。
Story/D_Act_2_1_018,不，我就看到一群穿着我锦香宫衣色的女子，\n还道是我师姊妹来了。
Story/D_Act_2_1_019,你们好像在做很有趣的事，那我就加入人少的这一边吧。
Story/N_Act_2_2_001,你们挑战失败，被打了个落花流水。\n而你在混乱中滑了一跤跌倒，被人践踏而死。
Story/D_Act_2_2_001,哼嗯……唐门弟子还是用自己的功夫难缠一点。
Story/D_Act_2_2_002,晚餐必须有鸡腿哦。
Story/D_Act_2_2_003,你已经预定好要蹭饭了是吧！
Story/D_Act_2_2_004,好～下一关！还能动的人都随我来！
Story/D_Act_2_2_005,各位师兄，第一关考的是乱战求生，第二关考的是团队默契。\n接下来便由我们师姊妹来领教各位师兄的高招！
Story/D_Act_2_2_006,你的下一句话是……『娘们能成什么气候』！
Story/D_Act_2_2_007,娘们能成什么气候！
Story/D_Act_2_2_008,啊！
Story/N_Act_2_3_001,你们挑战失败，被打了个落花流水。\n而你被公报私仇，活活打死。
Story/D_Act_2_3_001,总算赢了，唐门即便是女弟子，亦不可侮。
Story/D_Act_2_3_002,哎唷，不行了，刚第一关就受了伤……\n这第二关，你们还专瞄准我伤处，真够狠心。
Story/D_Act_2_3_003,师兄，你别着恼。\n师妹我给你赔礼道歉啦。
Story/D_Act_2_3_004,师兄，伤得厉不厉害呀？我来给你擦药。\n看你都伤成这样了，怪叫人心疼的。
Story/D_Act_2_3_005,我这里也疼，那里也疼，哎唷，哎唷，你快给我揉揉。
Story/D_Act_2_3_006,……那个，我、我也受伤了。
Story/D_Act_2_3_007,你这狠心的小娘子，我都让着你，你还打这么重，\n怕是心上有了别人，移情别恋了吧。
Story/D_Act_2_3_008,师兄～我都还没过门，你便这般冤枉我，看我还嫁不嫁你。
Story/D_Act_2_3_009,……没、没……。
Story/D_Act_2_3_010,没有人爱我……。
Story/D_Act_2_3_011,我可以帮你擦药。\n倒不如说，我可以用内功帮你治疗，没错……。
Story/D_Act_2_3_012,用我的波纹内功……！
Story/D_Act_2_3_013,不、不必了，我去下一关了！
Story/N_Act_2_3_002,你在第二关不但受伤，心也被揍得体无完肤。
Story/D_Act_2_3_014,怎么没人？
Story/D_Act_2_3_015,……也许是去上茅厕了，我连番恶战，伤得也不轻。\n趁机打坐调息一下，恢复状态。
Story/N_Act_2_3_003,你精疲力尽，又被毒香所迷，昏昏沉沉进入梦乡。
Story/D_Act_2_3_016,……我来后山做什么的？
Story/D_Act_2_3_017,对了，我想起来了，同门师兄弟都说我是外姓弟子，\n老是欺负我，我来后山，是为了修练武功，总有一天令他们刮目相看。
Story/N_Act_2_3_004,你梦见了从前弱小的自己，在梦境之中，完成你的最后一片拼图。
Story/D_Act_2_3_018,你好啊，赵活，没想到你可以到第三关来呢！\n不过就到这里为止了。接下来就由我来做你的对手！
Story/D_Act_2_3_019,是谁！
Story/O_Act_2_3_001,大师兄
Story/D_Act_2_3_020,是我啦。
Story/D_Act_2_3_021,大、大师兄！
Story/D_Act_2_3_022,我说没想到，那是真的没想到喔。\n当年没人看得起的外姓弟子，无人拉拔，竟能闯到练功塔第三层。
Story/D_Act_2_3_023,这回我就全力以赴吧，来──
Story/D_Act_2_3_024,打架！
Story/O_Act_2_3_002,二师兄
Story/D_Act_2_3_025,自然是我。
Story/D_Act_2_3_026,二师兄！你、你怎会──！
Story/D_Act_2_3_027,仇人就在眼前，你还道用嘴便能骂死我，报仇雪恨？\n你有何能为，尽管施展，否则便死在这里吧。
Story/O_Act_2_3_003,小师妹
Story/D_Act_2_3_028,小、小师妹～
Story/D_Act_2_3_029,可是，怎么会……你不是已经……。
Story/D_Act_2_3_030,方才那些话是师姐们教我说的。
Story/D_Act_2_3_031,哦，我想也是。\n你……莫非是把守第三关的楼主吗？
Story/D_Act_2_3_032,是。
Story/D_Act_2_3_033,……师兄你小心不要受伤。
Story/T_Act_2_3_001,都还没打，就关心对手，让我怎么狠心下得了手。
Story/D_Act_2_3_1_001,咿呀！
Story/D_Act_2_3_1_002,哈，起来吧。
Story/D_Act_2_3_1_003,终究不是你对手。
Story/D_Act_2_3_1_004,说什么傻话，你这不是打得不错吗？
Story/D_Act_2_3_1_005,哦，唷。
Story/D_Act_2_3_1_006,居然强到这种地步了，真离谱。
Story/D_Act_2_3_1_007,不是声称要全力以赴吗？
Story/D_Act_2_3_1_008,方才那就是我的全力了。
Story/D_Act_2_3_1_009,当、当真？
Story/D_Act_2_3_1_010,别对我抱着不切实际的期待啊，我并非不可超越的高墙。\n你已经足够厉害了。
Story/D_Act_2_3_1_011,这样我就放心了，师弟。\n唐门就交给你了。
Story/D_Act_2_3_1_012,……。
Story/D_Act_2_3_1_013,啊啊，交给我吧。
Story/D_Act_2_3_1_014,一言为定。
Story/D_Act_2_3_1_015,一言为定。
Story/D_Act_2_3_1_016,……一言为定。
Story/D_Act_2_3_2_001,哇呀！我、我中毒了，我要死啦！
Story/D_Act_2_3_2_002,我使的毒均非见血封喉，见血封喉不过下品。\n令人饱尝痛苦，满心充斥绝望再死，方为上品。
Story/D_Act_2_3_2_003,你这废物，好吃懒做，活该受苦。
Story/D_Act_2_3_2_004,──！
Story/D_Act_2_3_2_005,我这……算赢了吗？
Story/D_Act_2_3_2_006,还不坏，正该如此。\n你虽丑得令人发指，倒也不算彻底无能。
Story/D_Act_2_3_2_007,……你必须超越我才行。\n连我都能成为你心中魔障，你凭何持剑与天下人争锋？
Story/D_Act_2_3_2_008,二师兄……我想知道你的真义，究竟为何。\n你当真背叛了吗？
Story/D_Act_2_3_2_009,……别单凭交情就一味盲信我是好人，我可没义务听你许愿。
Story/D_Act_2_3_2_010,唔……。
Story/D_Act_2_3_2_011,想知道的话，就亲自来问我吧。
Story/D_Act_2_3_2_012,一言为定，我一定去找你。
Story/D_Act_2_3_3_001,我输了。
Story/D_Act_2_3_3_002,拍拍。
Story/D_Act_2_3_3_003,我输给你，又不难过。
Story/D_Act_2_3_3_004,那，还要拍拍吗？
Story/D_Act_2_3_3_005,当然要。
Story/N_Act_2_3_3_001,小师妹小手欢快地在你肩背上推推拍拍。\n她希望你好过的善良心意，渗透到你心底深处。
Story/D_Act_2_3_3_006,唔！
Story/D_Act_2_3_3_007,小师妹，你没事吧？
Story/D_Act_2_3_3_008,没事，只是稍微，有点吓到了……。
Story/D_Act_2_3_3_009,……。
Story/D_Act_2_3_3_010,……。
Story/D_Act_2_3_3_011,师兄，我不在的时候，你要好好的。
Story/D_Act_2_3_3_012,但已经没人为我拍拍了。
Story/D_Act_2_3_3_013,可是，我们都要坚强才行。
Story/D_Act_2_3_3_014,好，我知道了……。\n即使今日悲痛欲绝，明天依旧会活着。\n即使余生不再有你，我也会忍耐。
Story/D_Act_2_4_001,果然是梦吗……这香气，是彼岸仙香啊。\n是我受伤调息时，没加防范才着了道吗。
Story/D_Act_2_4_002,抱歉，久等了师弟，我方才忽然肚子痛，去上了茅房。\n来吧，第三关开打！
Story/D_Act_2_4_003,不了，我弃权，打不动了。
Story/D_Act_2_4_004,啊，哦，这样啊……那好吧。
Story/D_Act_3_1_001,有人来挑战了，师兄，你是我们这边的，快过来。
Story/D_Act_3_1_002,你们才刚骂了我……真不想帮忙。
Story/D_Act_3_1_003,快说点什么有气势的话。
Story/O_Act_3_1_001,赵活在此，谁敢轻越雷池！
Story/D_Act_3_1_004,赵活在此，谁敢轻越雷池！
Story/D_Act_3_1_005,嚣张什么，你也和我们一样只是无名小卒罢了！大家上！
Story/O_Act_3_1_002,练功而已，打小力一点喔！
Story/D_Act_3_1_006,练功而已，打小力一点喔！
Story/D_Act_3_1_007,那可不行，似你我这种无名小卒的宿命，\n注定是要被高手辗压过去的。
Story/D_Act_3_2_001,本领太不济事啦，哇哈哈哈～
Story/D_Act_3_2_002,就这点三脚猫功夫，还想来挑战唐门练功塔！
Story/D_Act_3_2_003,愿赌服输，交钱来！
Story/D_Act_3_2_004,可恶……下回一定赢。
Story/N_Act_3_2_001,代掌门明明吩咐你们手下留情，别打击师弟们的信心，\n你这爱现的家伙还是光顾着自己表现，不单打败了挑战者，\n还无情地奚落了一番，又抢人家钱。
Story/N_Act_3_2_002,你们防守失败，被挑战的师兄弟们突出重围。
Story/D_Act_3_2_005,赢了，走，去第二关！
Story/D_Act_3_2_006,师兄，这里交给我们收拾残局，你快去第三关把守吧。
Story/D_Act_3_2_007,我还要兼任第三关楼主哦？我怎么那么忙？
Story/D_Act_3_2_008,能者多劳嘛，谁叫你方才要放水。
Story/D_Act_3_2_009,我迟早会累死。
Story/D_Act_3_2_010,此处便是练功塔第三层了。
Story/D_Act_3_2_011,……师弟们还在闯第二关，我不妨趁机打坐调息一下，恢复状态。
Story/N_Act_3_2_003,你精疲力尽，又被毒香所迷，昏昏沉沉进入梦乡。
Story/D_Act_3_2_012,……我来后山做什么的？
Story/D_Act_3_2_013,对了，我想起来了，同门师兄弟都说我是外姓弟子，\n老是欺负我，我来后山，是为了修练武功，总有一天令他们刮目相看。
Story/N_Act_3_2_004,你梦见了从前弱小的自己，在梦境之中，完成你的最后一片拼图。
Story/D_Act_3_2_014,师兄！赵师兄～！醒醒！还打不打啊？
Story/D_Act_3_2_015,吓呃？我睡着了！打，当然打。
Story/O_Act_3_2_001,唐大鲸
Story/D_Act_3_2_016,俺大鲸来也，师兄，这回我练好了武功，来向你讨教了。
Story/D_Act_3_2_017,来！
Story/D_Act_3_2_018,好，进招吧。
Story/O_Act_3_2_002,唐衫
Story/D_Act_3_2_019,师弟唐衫，来领教赵师兄高招。
Story/D_Act_3_2_020,来！
Story/D_Act_3_2_021,好，进招吧。
Story/O_Act_3_2_003,小梅
Story/D_Act_3_2_022,阿活～是本梅喔，想不到吧～哇哈哈哈！
Story/D_Act_3_2_023,小梅！你怎么会来？
Story/D_Act_3_2_024,我怎么不能来？本梅也是唐门弟子啊。\n我可是有好好拜师的，比你这外姓弟子还正宗好吗！
Story/D_Act_3_2_025,我既然来了，当然是和其他师兄弟姊妹一样，是来挑战关主的。
Story/D_Act_3_2_026,好，既然如此，那便来吧。
Story/D_Act_3_2_027,啊，你如今武功这么高，我也搬出杀手锏，可以吧？
Story/D_Act_3_2_028,不行。
Story/D_Act_3_2_029,来嘛来嘛，别那么小气啦。
Story/D_Act_3_2_030,我们只是比武，你却想趁机杀我吧！
Story/D_Act_3_2_031,哇哈哈哈！
Story/D_Act_3_2_032,……长得那么丑，脑子却挺聪明的呢。
Story/N_Act_3_3_1_001,你被唐大鲸打败，他好不容易才收敛的那股傲慢劲又死灰复燃了。
Story/N_Act_3_3_1_002,你收拾了唐大鲸，他被你打得哇哇乱叫，心下却更服气你了。\n逢人便说那赵活是怎生了得，隐隐以作你师弟为荣。\n三师兄暗暗庆幸，门中还有你能压得住这人。
Story/N_Act_3_3_2_001,你被唐衫打败，虽然是同门切磋，但围观众人却在兴奋大喊：\n『邪不胜正、天理昭昭报应不爽』，所有师姊妹都向他投去热切目光。\n没人理睬向条抹布般摊在地上的你，没踩你并非好心，只是怕弄脏鞋。
Story/N_Act_3_3_2_002,那唐衫已算是当代唐门弟子之中的佼佼者，依然非你抗手。\n斗到后来败下阵来，向你拱手，欣然服输。\n反倒是支持他的师姊妹们对你嗤之以鼻。
Story/D_Act_3_3_3_001,咕咿呀──！
Story/D_Act_3_3_3_002,就这样，武林又恢复了和平。
Story/D_Act_3_3_3_003,咕呃……！
Story/D_Act_3_3_3_004,没事吧？
Story/D_Act_3_3_3_005,阿活好强喔～怎么回事？好好笑，简直莫名其妙。\n你顶着这张脸却这么强，真的没问题吗？不会被当妖怪吗？
Story/D_Act_3_3_3_006,你那是什么话，我也是呕心沥血才有这一身武功的。
Story/D_Act_3_3_3_007,那你可别荒废了功夫，必须一直这样耐杀才行。
Story/T_Act_3_3_3_001,你千万得要名符其实，一直活着，至少别死得比我早。\n生离、死别，我都不想再体验了。
Story/D_Act_3_4_001,师弟，辛苦你守关了。
Story/D_Act_3_4_002,不过你还真是手下不留情啊。
Story/D_Act_3_4_003,这可是唐门练功塔，连我这种江湖路人甲都打不过，\n怎放心让师弟妹们出山，去江湖闯荡？就怕三两下便小命呜呼。
Story/D_Act_3_4_004,我痛打他们，绝不是泄愤出气，而是为了他们好。
Story/D_Act_3_4_005,随你怎么说吧。
Story/D_Act_3_4_006,话虽如此，过度打击了他们的信心也不是好事。\n我去宰只鸡，今晚加菜，勉励大家好了。
Story/D_Act_3_4_007,好极。
Story/N_Act_3_4_001,你身在武林，也同样是个活在当代的人。\n人生很难，从来不是光顾着舞刀弄枪，三餐便有着落的。
Story/N_Act_3_4_002,你怀揣着遥远梦想，同时脚踏实地，成就你的江湖故事，你的人生。
Story/D_Act_3_4_008,这些闯到顶层的，都算本门佼佼者了。\n虽说凭我武功，也不是不能守关，但我不想被打，会痛。
Story/D_Act_3_4_009,我被打也会痛啊，你怎么就没想过我的感受？
Story/D_Act_3_4_010,你说的对，我还真就没想过你的感受。\n好比你我这样貌不惊人、路边一大票的江湖路人甲，谁会在意？\n你难道就在意过我的感受？
Story/D_Act_3_4_011,呃……。
Story/O_Act_3_4_001,谁说我不在意
Story/D_Act_3_4_012,别骗了，我知道你没有！\n你以为我只是个无关紧要的配角，用来点缀大侠的丰功伟业。\n然而你错了，我也是爹生娘养，有血有肉的活人，妈的！
Story/D_Act_3_4_013,哎唷！我才刚给人打败，身上带着伤，你居然趁人之危！
Story/O_Act_3_4_002,我才不管你咧
Story/D_Act_3_4_014,就是这么回事了。\n我今天拿你挡刀，来日你找到好使唤的师弟，也可以如法炮制，拿人挡刀。\n所谓陋习就是这样传承下来的。
Story/D_Act_3_4_015,……外边好热闹，同门大家好像都挺高兴的。\n本门向心力又比从前强似几分，我自己虽然饮败，可是于大我而言，却是赢家。
Story/N_Act_3_4_003,你不以自己荣辱为念，心系大我。\n所谓武林，并非天选之人专美的舞台。\n而是由无数似你的无名之辈，默默付出心血与人生，才成就的江湖故事。
Story/D_Alchemy_001_001,你这家伙，在这里干什么？想死吗？
Story/D_Alchemy_001_002,二师兄好。
Story/N_Alchemy_001_001,二师兄任唐门掌刑使，人人都畏惧他，\n所以愿意前往炼丹房帮手的弟子很少。
Story/O_Alchemy_001_001,我是来工作的。
Story/D_Alchemy_001_003,看到你的脸就令我不快，\n到那边角落去，该干什么就干什么。
Story/D_Alchemy_001_004,是，是。
Story/N_Alchemy_001_002,来帮忙还无端遭到恶言相向，使你感觉很受伤。
Story/O_Alchemy_001_002,正是找死，怎样？
Story/D_Alchemy_001_005,很好，那便去死。
Story/D_Alchemy_001_006,唔啊啊啊！
Story/N_Alchemy_001_003,二师兄心狠手辣，和他说话还是谨慎点比较好。
Story/N_ALchemy_Special_01_01_001,坏心眼的二师兄正在使唤叶云舟做事，堂堂苍松剑客被骂得狗血淋头，竟不敢还嘴。
Story/O_ALchemy_Special_01_01_001,放下手边的事去帮他
Story/N_ALchemy_Special_01_01_002,叶云舟得你相助，顺利完成了工作。\n反观二师兄怪你多管闲事，看向你的眼神似乎杀意渐浓。
Story/O_ALchemy_Special_01_01_002,不管闲事以免激怒二师兄
Story/N_Alchemy_Work_001_001,你照着毒经所载，小心翼翼地炼制毒药，做出了令人满意的成果。
Story/N_Alchemy_Work_101_001,你嫌毒经所载配方步骤繁琐复杂，于是擅自简化，导致药效大打折扣。\n唐门的英名迟早会断送在你这不肖弟子手中。
Story/N_Alchemy_Work_102_001,你没有照着毒经所载配方制毒，而是异想天开自创配方，\n结果引发了炼丹房集体中毒。\n看你干的好事。
Story/N_Alchemy_Work_201_001,二师兄用得上你，为此必须先教你一点，以免你把事搞砸。\n尽管你再小心，也难免不出纰漏，被骂得狗血淋头。
Story/N_Alchemy_Work_301_001,你照着毒经所载，触类旁通，做出了超乎预期的惊艳成果。\n一想到你的仇敌将受折磨的模样，心情就变好了。
Story/N_Alchemy_Work_4001_001,你照着毒经所载，小心翼翼地炼制毒药，做出了令人满意的成果。
Story/N_Alchemy_Work_4001_002,每每用脑过度，便是一阵头晕目眩，还要提着笔，随时记录进度。\n身旁有专精医毒之术的师弟妹作助手，反复确认你的用意，才去施治。
Story/N_Alchemy_Work_4001_003,你内伤深沉，强自按捺，几度腥甜涌上喉头，都强自咽下。
Story/N_Alchemy_Work_401_001,二师兄用得上你，为此必须先教你一点，以免你把事搞砸。\n你全神贯注、小心翼翼，不敢有丝毫怠惰，二师兄对结果尚算满意。
Story/N_Alchemy_Work_501_001,有意窥探唐门毒术奥义的别派来客大失所望，\n认定唐门藏私藏得太狠了些。二师兄虽已刻意容让，还是吓跑了人。
Story/N_Alchemy_Work_502_001,你和别派弟子混熟了，时常聊天。\n虽不能提到毒经秘要，但光是辨识百草、煮药的心得便够他们学了。\n谈到了好些别派有名的灵丹妙药，令你也增长了见闻。
Story/D_Alchemy_Work_901_001,小梅，你在炼药啊。
Story/D_Alchemy_Work_901_002,嗯，本梅正在钻研狼毒散。
Story/D_Alchemy_Work_901_003,那种毒粉临阵可不管用啊。
Story/D_Alchemy_Work_901_004,没事～我又不是拿来何人打架用的，是为了四师兄特制的。
Story/D_Alchemy_Work_901_005,四师兄？
Story/D_Alchemy_Work_901_006,四师兄从前也不时会到崆峒派来做买卖，本梅与他很熟了。
Story/D_Alchemy_Work_901_007,是吗？
Story/D_Alchemy_Work_901_008,是，这胖子童叟有欺，连年仅十岁的本梅也骗。\n卖了没丁点屁用的毒药给我，我一直记恨到今日。
Story/D_Alchemy_Work_901_009,你向他买毒药做什么？
Story/D_Alchemy_Work_901_010,那当然是企图毒死火龙仙君和金乌上人。
Story/D_Alchemy_Work_901_011,那两人显然没死成。
Story/D_Alchemy_Work_901_012,对，只是拉了肚子。原来死胖子卖我的不过是泻药。\n害本梅被打得屁股开花，吊在鹤园的悬崖边上。
Story/D_Alchemy_Work_901_013,也幸亏他只卖我泻药就是了。\n他们只当我是捉弄人，所以小惩大戒。
Story/D_Alchemy_Work_901_014,那你是因祸得福，侥幸活命。
Story/D_Alchemy_Work_901_015,嗯，既然如此，我也不跟四师兄计较了。\n只让他吃些从前卖我的同款毒药便一笔勾销了吧。
Story/D_Alchemy_Work_901_016,你最好别劝我，要不然本梅连你一起歼灭！
Story/D_Alchemy_Work_901_017,……。
Story/O_Alchemy_Work_901_001,不要这样啦
Story/D_Alchemy_Work_901_018,歼灭！
Story/O_Alchemy_Work_901_002,我来帮你
Story/D_Alchemy_Work_901_019,本门资深师兄都能抗毒，寻常毒物奈何不了四师兄的肠胃。\n你非有我出手相助不可。
Story/D_Alchemy_Work_901_020,阿活！帮我！本梅的深仇大恨能否得报，就看你了啊！
Story/D_Alchemy_Work_901_021,看我的！
Story/D_Alchemy_Work_901_022,时辰到了，把他们俩放下来吧。
Story/D_Alchemy_Work_901_023,所以说门规就摆在那，禁止同门相残，\n你们俩究竟为何明知故犯？是当掌刑使不存在吗？\n二师兄问明情由，只罚你们吊在树上，已经算是法外开恩了。
Story/D_Alchemy_Work_901_024,我、我知道错了……呜呜。
Story/D_Alchemy_Work_901_025,别哭啦，小梅师妹，四师兄也说他原谅你了。\n此处不是崆峒派，你往后做事可得再三思。
Story/D_Alchemy_Work_901_026,我、我也知道错了……呜呜。
Story/D_Alchemy_Work_901_027,师弟，四师兄说他跟你势不两立。\n你最好自己留心点，你也知道，那人心胸最狭窄了。
Story/D_Alchemy_Work_901_028,差别待遇！
Story/D_Alchemy_Work_901_029,当然会差别待遇的吧……。
Story/N_Alchemy_Work_901_001,你为了讨好小梅，被四师兄记恨了。
Story/N_Alchemy_Work_901_01_001,你打败了小梅，成为输家。\n你被讨厌了。
Story/N_Alchemy_Work_901_01_002,你被小梅打败了，成为同门的笑柄。\n师兄弟们只道小梅终于厌倦你的丑脸，才对你大打出手，都暗自窃喜。
Story/N_Back_Free_901_001,你来到后山，正要拉开架式练功。
Story/D_Back_Free_901_001,阿活！
Story/D_Back_Free_901_002,吓我一跳！
Story/D_Back_Free_901_003,说来，本梅自从到唐门以来，还不曾见过大师兄呢。\n从前在崆峒倒是不时会碰到他，真奇怪。
Story/D_Back_Free_901_004,你在崆峒碰过我大师兄？他和你说了什么吗？
Story/D_Back_Free_901_005,他夸我好看。
Story/D_Back_Free_901_006,……。
Story/D_Back_Free_901_007,你那什么脸，笑死我啦哈哈哈！
Story/D_Back_Free_901_008,那年本梅才十岁出头，你这样也乱吃醋，真笨。
Story/D_Back_Free_901_009,哦……原来是这么小的时候。
Story/D_Back_Free_901_010,不对，我大师兄老少通吃，你得千万提防这人才行。
Story/D_Back_Free_901_011,是是是～他若真对我有意，你便攻他下盘，我趁机将他推下楼梯便是。
Story/D_Back_Free_901_012,大师兄风流成性，就是这样哄骗小娘子的，你可得千万提防他。
Story/D_Back_Free_901_013,从小，兰姊姊就跟我们说唐布衣是好色之徒，叫大家留心他。\n所以每回大师兄来，我跟小竹都不给他好脸色看。
Story/D_Back_Free_901_014,说得再对也没有了。
Story/D_Back_Free_901_015,大师兄还真是恶名昭彰。
Story/N_Back_Work_001_001,这是个苦工夫，路既陡峭危险，柴水又重，但你很好的完成了工作。\n日复一日地，变得脚步稳健、身体结实了。
Story/N_Back_Work_101_001,你一个不留神，扭伤了脚。\n虽然不严重，但是柴薪都坠落山谷了。\n你两手空空回到唐门，大家都以为你偷懒去了。
Story/N_Back_Work_201_001,你一个不留神，扭伤了脚，失衡跌出栈道，\n千钧一发之际，实时攀住了岩壁上的树枝，这才大难不死。\n你呼救的声音回荡于山谷，可是依然没有人发现你落难，直至翌日中午你才获救。
Story/N_Back_Work_202_001,善泳者溺，这一日你又贪快走快捷方式，却一个不留神，\n踏崩了岩壁，失衡跌出栈道，你的惨叫声回荡于空谷之间，良久不绝。
Story/N_Back_Work_301_001,没有其他弟子一起的时候，你都会走这条快捷方式节省力气。\n虽说是快捷方式，却因年久失修，地势更为险峻，更讲究轻功修为。\n省下来的时间你会睡午觉。
Story/N_Back_Work_901_001,年久失修的栈道塌了，为了确保通往后山的道路，\n你到锻冶场借用工具，花了一整天的时间修改了栈道。
Story/D_Back_Work_902_001,好累，歇会儿。
Story/N_Back_Work_902_001,你放下肩上的捆柴，在栈道中段宽阔处舒活筋骨。
Story/D_Back_Work_902_002,唐门三面临谷，背有靠山，论风景还是不错的。\n偶尔这样登高远眺，令人心旷神怡。
Story/O_Back_Work_902_001,还是早点回去吧，大家等柴火用呢。
Story/D_Back_Work_902_003,嘿咻，回家吧。
Story/O_Back_Work_902_002,步调慢点，观赏风景享受生活。
Story/N_Back_Work_902_002,你站在崖边，远眺天外浮云、谷底薄雾，忘却了尘世纷扰。
Story/N_Back_Work_902_003,此时，一名不速之客运起了轻功，无声无息向你逼近！
Story/O_Back_Work_902_003,回避
Story/D_Back_Work_902_004,小心！
Story/D_Back_Work_902_005,你、你怎么搞的？
Story/D_Back_Work_902_006,我、我……你居然救了我。
Story/D_Back_Work_902_007,没事就好，师姐你下回千万小心一点啊。\n别再冒失到摔出去了，那死的可有多不值。\n我还有工作，就先走了。
Story/D_Back_Work_902_008,……赵活。
Story/D_Back_Work_902_009,赵活师弟，赵、赵公子……太、太不害臊了！
Story/N_Back_Work_902_004,你似乎给这位师姐的心头种下了不解之缘。
Story/O_Back_Work_902_004,被推
Story/N_Back_Work_902_005,正当你隐约察觉背后有人，将要转头之际，\n说时迟那时快，被人给狠狠推了一把。
Story/D_Back_Work_902_010,哇啊啊啊啊你谁啊啊啊啊啊－－－－
Story/N_Back_Work_902_006,你的惨叫声回荡在空谷，不绝于耳。
Story/D_Back_Work_902_011,谁、谁叫你长那么丑，活该，去死。
Story/D_Back_Work_902_012,大家都说我们俩都那么难看，应该凑一对。\n谁、谁要跟你这种丑人凑一对！不知羞耻！
Story/N_Back_Work_902_007,你到头都不知道自己为何被杀。
Story/N_Back_Work_903_001,砍柴的时候，发现叶云舟也在山中，背着竹篓，一手持书，\n一手拿着割药的镰刀，正在采药。见你来了，面露欣喜之色，\n向你请教了两株药草的区别，之后替你分担一担柴薪示谢。
Story/N_Back_Work_905_001,你挑柴的时候，遭遇了形迹可疑的不速之客。\n他一和你对上眼，口称：「唐门弟子？魔教妖人！看我替天行道！」旋即袭击过来。
Story/N_Back_Work_905_01_001,该如何处置?
Story/O_Back_Work_905_01_001,放生
Story/N_Back_Work_905_01_002,你很善良的放生了不速之客。
Story/O_Back_Work_905_01_002,推下山谷
Story/N_Back_Work_905_01_003,你将不速之客推下山谷，根本超坏的。
Story/O_Talk_Brother_001,离开
Story/O_Talk_Brother_002,掌门的情况
Story/O_Talk_Brother_003,代掌门
Story/O_Talk_Brother_004,忘记的事情
Story/O_Talk_Brother_005,江湖
Story/O_Talk_Brother_006,切磋
Story/O_Talk_Brother_01_001,切磋
Story/O_Talk_Brother_01_002,点苍派（一）
Story/O_Talk_Brother_01_003,点苍派（二）
Story/O_Talk_Brother_01_004,点苍派（三）
Story/O_Talk_Brother_01_005,青城派（一）
Story/O_Talk_Brother_01_006,青城派（二）
Story/O_Talk_Brother_01_007,青城派（三）
Story/O_Talk_Brother_01_008,峨眉派（一）
Story/O_Talk_Brother_01_009,峨眉派（二）
Story/O_Talk_Brother_01_010,峨眉派（三）
Story/O_Talk_Brother_01_011,全真派（一）
Story/O_Talk_Brother_01_012,全真派（二）
Story/O_Talk_Brother_01_013,全真派（三）
Story/O_Talk_Brother_01_014,崆峒派（一）
Story/O_Talk_Brother_01_015,崆峒派（二）
Story/O_Talk_Brother_01_016,崆峒派（三）
Story/O_Talk_Brother_01_017,三大世家（一）
Story/O_Talk_Brother_01_018,三大世家（二）
Story/O_Talk_Brother_01_019,泥教（一）
Story/O_Talk_Brother_01_020,万灵油
Story/O_Talk_Brother_01_021,天下第一毒
Story/O_Talk_Brother_01_022,岭南派（一）
Story/O_Talk_Brother_01_023,岭南派（二）
Story/O_Talk_Brother_01_024,岭南派（三）
Story/O_Talk_Brother_01_025,极乐左使
Story/O_Talk_Brother_01_026,千面人魔
Story/D_Talk_Brother3_Option_01_001,还是老样子，我能想到的办法，全都试过了。\n李大夫也来过几次，四师弟甚至不惜重金延请名医，亦是药石罔效。
Story/D_Talk_Brother3_Option_01_002,唉，掌门一世英雄，没想到如今沦落如斯。
Story/D_Talk_Brother3_Option_01_003,师弟，我偶尔会想，说不定掌门一直都神智清醒着，\n只是口不能言，四肢不听使唤罢了。
Story/D_Talk_Brother3_Option_01_004,那可有多难受啊。
Story/D_Talk_Brother3_Option_01_005,说不定掌门情愿一了百了，胜过似这般瘫痪在床。
Story/N_Talk_Brother3_Option_01_001,你与三师兄相对无语，不胜唏嘘。
Story/D_Talk_Brother3_Option_02_001,我自知德不配位，无论武功、声望都是万万轮不到我头上的。\n只可叹本门福薄，大师兄英年早逝，我才临危受命代理掌门之职。
Story/D_Talk_Brother3_Option_02_002,最不想当掌门的人，却当了掌门，造化弄人啊。
Story/D_Talk_Brother3_Option_02_003,可不是吗？但当时情势，舍我其谁？\n我若不挺身而出，只怕当时唐门就要散了。
Story/D_Talk_Brother3_Option_02_004,辛苦你了。
Story/T_Talk_Brother3_Option_02_001,也许唐门在更早以前就该散了。
Story/D_Talk_Brother3_Option_03_001,我到现在脑子还有点儿不太清晰，像是……
Story/D_Talk_Brother3_Option_03_002,像是在读别人的故事？
Story/D_Talk_Brother3_Option_03_003,正是。我总担心有没有什么重要的事忘记了？\n若有的话，还请三师兄务必提点一二。
Story/D_Talk_Brother3_Option_03_004,那样的话……。
Story/O_Talk_Brother3_Option_03_001,你丐帮那位小朋友怎么样了？
Story/D_Talk_Brother3_Option_03_005,啊。
Story/D_Talk_Brother3_Option_03_006,我完全忘记他了。
Story/D_Talk_Brother3_Option_03_007,要不，趁早去向他道别如何？
Story/D_Talk_Brother3_Option_03_008,不了，依他的血性，一定会叛出丐帮，来唐门陪我们送死。
Story/D_Talk_Brother3_Option_03_009,……你有个好朋友啊。
Story/D_Talk_Brother3_Option_03_010,可不是吗？真怀念一起吃肉的日子啊。
Story/O_Talk_Brother3_Option_03_002,龙大侠送你的秘籍
Story/D_Talk_Brother3_Option_03_011,啊。
Story/D_Talk_Brother3_Option_03_012,我完全忘记了，我还来不及练起来呢。
Story/D_Talk_Brother3_Option_03_013,虽说现下练起也无力回天，可是于你个人多少有点帮助吧？
Story/D_Talk_Brother3_Option_03_014,那自然是好歹要翻过一遍的，多谢师兄的提醒。
Story/O_Talk_Brother3_Option_03_003,崆峒派的四位姑娘
Story/D_Talk_Brother3_Option_03_015,啊……梅兰竹菊她们呀。
Story/D_Talk_Brother3_Option_03_016,是啊，江湖传闻，她们四位都嫁了崆峒新任掌派人。\n你可曾听说了吗？从前，你和她们挺好的吧。
Story/D_Talk_Brother3_Option_03_017,那也仅限于当时，她们四位姑娘说穿了，爱的就只是未来的掌派人。
Story/D_Talk_Brother3_Option_03_018,……？
Story/T_Talk_Brother3_Option_03_001,我这是怎么了，怎么好像忘记了不能忘记的事情。
Story/T_Talk_Brother3_Option_03_002,说起来，我为何会和崆峒派的金乌上人打起来？\n那人和唐门任何人都没有关联啊。
Story/D_Talk_Brother3_Option_03_019,忘记了就好，不要再想起来了。
Story/D_Talk_Brother3_Option_03_020,不，不，不对，这样不对。
Story/D_Talk_Brother3_Option_03_021,别再到这边来了。
Story/D_Talk_Brother3_Option_03_022,这里已经没有你认识的人了，别陷在回忆里。\n这里全都是不能挽回的事，笨一点吧。
Story/D_Talk_Brother3_Option_03_023,赵师兄，你要保重喔。
Story/D_Talk_Brother3_Option_03_024,啊啊－－。
Story/D_Talk_Brother3_Option_03_025,阿活。
Story/D_Talk_Brother3_Option_03_026,你回唐门去，这一生大概很难再见到面了。
Story/D_Talk_Brother3_Option_03_027,没关系，等到来世也没关系，总有一天再一起玩吧。
Story/D_Talk_Brother3_Option_03_028,啊啊……好，一言为定。
Story/D_Talk_Brother3_Option_03_029,－－师弟，师弟！师弟！
Story/D_Talk_Brother3_Option_03_030,怎、怎么了？
Story/D_Talk_Brother3_Option_03_031,我还想问你怎么了，突然之间整个人就呆掉了。\n瞪着天花板眼泪哗啦啦地掉下来，到底有甚么事这么伤心？\n小师妹出嫁了都没见你那么难过。
Story/D_Talk_Brother3_Option_03_032,……没什么，突然，想起了一套学过的武功。
Story/D_Talk_Brother3_Option_03_033,你没有灰心就好。
Story/D_Talk_Brother3_Option_03_034,不，其实多少有点受打击了。
Story/D_Talk_Brother3_Option_04_001,为了对抗魔教，有人主张正道分则弱，合则强。\n于是除却嵩山、全真，剩余四大派，联合南宫世家、丐帮成立了武林盟。
Story/D_Talk_Brother3_Option_04_002,武林盟声势壮大极快，短短不到数月即压过了全真教。\n多次向魔教发动围剿，攻破地狱道的阴曹，更将白鲨帮驱逐出海，远避东瀛。\n迟早也会攻上六道峡，彻底歼灭魔教的吧。
Story/D_Talk_Brother3_Option_04_003,听起来像是丰功伟业。
Story/D_Talk_Brother3_Option_04_004,所以我们为什么会被当成魔教党羽来着？
Story/D_Talk_Brother3_Option_04_005,我总觉得这其中有许多矛盾，恐是有心人士刻意栽赃的。\n可偏生有如雾里看花，怎么也想不透。
Story/D_Talk_Brother3_Option_04_006,几番自证清白未果，反而越描越黑。\n本门不少弟子命丧人手，亦杀伤了不少正派人士，\n早已结下不解之仇了。
Story/D_Talk_Brother3_Option_04_007,原来是这样。
Story/D_Talk_Brother3_Option_05_001,也好，我这个代掌门干得焦头烂额，早想活动筋骨了。
Story/D_Talk_Brother3_Option_05_01_001,你该不会留手了吧？
Story/D_Talk_Brother3_Option_05_01_002,师弟，我服了你了。
Story/O_Talk_Brother4_001,休息
Story/O_Talk_Brother4_009,饮食
Story/O_Talk_Brother4_002,买卖物品
Story/O_Talk_Brother4_003,四师兄气色不错
Story/O_Talk_Brother4_004,这次有卖色纸吗？(-银两50钱)
Story/O_Talk_Brother4_005,臭奸商肥仔别想骗我钱！
Story/O_Talk_Brother4_006,以前托你打听的事
Story/O_Talk_Brother4_007,后路
Story/O_Talk_Brother4_008,我的实力
Story/D_Talk_Brother4_Option_00_01_001,看出来了？这一趟下山，碰到了几个外乡来的憨憨，\n一听说我身上的货物是唐门出产的，连菜刀也抢着买，更别说金创药那些了。
Story/D_Talk_Brother4_Option_00_01_002,我狠狠刮了他们一笔。
Story/D_Talk_Brother4_Option_00_02_001,又是拿去孝敬小师妹？\n你自己没用过什么好东西，倒是很肯为小师妹花钱。
Story/D_Talk_Brother4_Option_00_02_002,小师妹喜欢折纸嘛。
Story/D_Talk_Brother4_Option_00_02_003,你真那么喜欢小师妹？\n我说句老实话，你且莫着恼，\n你花这些钱讨好小师妹，九成九都是白费的喔？
Story/O_Talk_Brother4_Option_00_02_001,即使如此我也想让她开心。
Story/D_Talk_Brother4_Option_00_02_004,因为小师妹心地特别善良。\n从不会像其他师姊一样，看了我的脸就露出嫌恶之色，\n待我就像待其他任何人一样。
Story/D_Talk_Brother4_Option_00_02_005,她对待任何人不都冷冰冰的，从来不笑吗？
Story/D_Talk_Brother4_Option_00_02_006,那也没有单看皮相就针对我，这不就是心地善良的铁证吗？
Story/D_Talk_Brother4_Option_00_02_007,唔，嗯，小师妹确实有点异于常人……。\n但愿你别抱不切实际的期望才好。
Story/D_Talk_Brother4_Option_00_02_008,承惠50钱，色纸我替你送去给小师妹吧。
Story/D_Talk_Brother4_Option_00_02_009,你搞屁，连50钱也没有，穷也该有个限度吧。\n你这样岂不是走出唐门就当场饿死了吗？
Story/D_Talk_Brother4_Option_00_02_010,都穷成这样你还想给小师妹送礼物，你心理变态吧。\n得了，我带都带回来了，这次色纸破例免费送你吧。\n算是四师兄我送你的医药钱吧，给你医心用的，我仁至义尽了啊。
Story/N_Talk_Brother4_Option_00_02_001,四师兄说到做到，替你送了色纸给小师妹。
Story/O_Talk_Brother4_Option_00_02_002,说得也是，算了。
Story/D_Talk_Brother4_Option_00_02_011,咦？我还没真料到自己有办法说服你。
Story/D_Talk_Brother4_Option_00_02_012,莫非你其实也没那么喜欢小师妹吗？
Story/D_Talk_Brother4_Option_00_02_013,说不定如此，如果让我离她远远的，\n或者我又见着了其他美貌的姑娘，说不定我就会移情别恋。
Story/T_Talk_Brother4_Option_00_02_001,我只要这样想就好。\n反正迎娶小师妹，是我这种人一生也无法实现的幻想。\n倒不如从现在开始就试着说服自己从没认真过。
Story/N_Talk_Brother4_Option_00_02_002,你为了保护自己的心，欺人亦复自欺，\n还没开始努力就已准备了失败的处境。
Story/D_Talk_Brother4_Option_00_03_001,你、你怎么说话的你？\n我是有点好歹也是四师兄啊！
Story/D_Talk_Brother4_Option_00_03_002,不买就不买，用得着骂人吗？哼。
Story/N_Talk_Brother4_Option_00_03_001,四师兄又气又有点心虚的跑掉了。
Story/D_Talk_Brother4_Option_01_001,啊～你可想起来了。\n我还在想什么时候跟你提起这回事呢。\n打听是打听到了。
Story/D_Talk_Brother4_Option_01_002,先付打听费再说吧，\n按照事前说好的那样，承惠2000钱。
Story/O_Talk_Brother4_Option_01_001,哦，我花那么多钱到底想打听什么？(付钱)
Story/O_No_Money,「???」：银两不足
Story/O_Talk_Brother4_Option_01_002,好贵！你是不是想骗我钱？
Story/D_Talk_Brother4_Option_01_003,什么话，我打听这消息不说冒着生命危险，\n好歹也是费了九牛二虎之力，你居然反怪我讹你。
Story/D_Talk_Brother4_Option_01_004,一句话，爱听就给钱，不听就拉倒。
Story/O_Talk_Brother4_Option_01_003,老实付钱
Story/O_Talk_Brother4_Option_01_004,还是算了
Story/D_Talk_Brother4_Option_01_005,你就不要后悔！
Story/D_Talk_Brother4_Option_01_01_001,你请我去打听的事－－
Story/O_Talk_Brother4_Option_01_01_001,小师妹的近况
Story/D_Talk_Brother4_Option_01_01_002,小师妹的郎君，是个比起大师兄来也毫不逊色的美男子。\n具体一点的说，你有多丑，人家就有多好看，这下有实感了吧。
Story/D_Talk_Brother4_Option_01_01_003,……你刚刚那句话对我的心灵造成了伤害。
Story/D_Talk_Brother4_Option_01_01_004,就实话嘛。
Story/D_Talk_Brother4_Option_01_01_005,其他的呢？
Story/D_Talk_Brother4_Option_01_01_006,至于武功的话嘛，嗯，我不太清楚。\n不太清楚的意思是，我不知道他到底有多强。
Story/D_Talk_Brother4_Option_01_01_007,我只能断定，你铁定不是人家对手，\n那可是能角逐武林盟主的天才啊。
Story/D_Talk_Brother4_Option_01_01_008,这我也有自知之明。
Story/D_Talk_Brother4_Option_01_01_009,你也别太妄自菲薄了，师弟。\n反观前年今日，你武功弱到连李大夫都打不过呢。\n你虽不及人家，却也是可造之材了。
Story/D_Talk_Brother4_Option_01_01_010,比起这些，我想知道小师妹过得好不好。
Story/D_Talk_Brother4_Option_01_01_011,这个嘛……我可不知该怎么说了。\n我怕被发现，只敢趁她夫君不在时翻上墙檐，远远地张望。
Story/O_Talk_Brother4_Option_01_01_002,四师兄，你果真好胆识。(真心)
Story/D_Talk_Brother4_Option_01_01_012,好歹受了你的嘱托嘛，\n虽说是一旦被发现，可能就会被活活打死的危险情况，\n我也是会好奇小师妹过得好不好的。
Story/O_Talk_Brother4_Option_01_01_003,四师兄，你果真好胆识，何不直接光明正大登门拜访？
Story/D_Talk_Brother4_Option_01_01_013,你是白痴吗？你忘记本门名声多臭了吗？\n小师妹好不容易才嫁出去，跟咱们撇清了关系，\n我这样登门拜访，岂非又把麻烦事惹到她头上？
Story/D_Talk_Brother4_Option_01_01_014,啊，说得也是。
Story/D_Talk_Brother4_Option_01_01_015,我看到小师妹一身华贵的少妇装束，无时无刻有下人跟随伺候。\n各式糕点、好吃的东西源源不绝地送上，被人捧在手心上伺候着。
Story/D_Talk_Brother4_Option_01_01_016,小师妹一定吃得很欢了，她最爱甜品了。
Story/D_Talk_Brother4_Option_01_01_017,……那倒不尽然，小师妹往往吃了一两口，便不吃了。\n她气色不差，但是比往昔瘦了一些。
Story/D_Talk_Brother4_Option_01_01_018,只怕是想家了吧。
Story/O_Talk_Brother4_Option_01_01_004,失落的嵩山秘籍
Story/D_Talk_Brother4_Option_01_01_019,真亏你心心念念，就记着那群嵩山贼秃的嘱托。\n宁可自掏腰包帮人找书。
Story/D_Talk_Brother4_Option_01_01_020,几十年前六大派围攻旧魔教，嵩山寺元气大伤后，此书便被盗了。\n我在辽国旧址的二手书摊才找到它。
Story/D_Talk_Brother4_Option_01_01_021,喏，还真给我凑巧找到了，书在这。\n不过依我之见，你还是不妨留着吧，反正嵩山寺也这么讨厌咱们。\n你送还了书，他们也不会感谢你。
Story/O_Talk_Brother4_Option_01_01_005,说得也是，那我就收下了。
Story/O_Talk_Brother4_Option_01_01_006,还是请四师兄直接帮我送回嵩山寺吧。
Story/D_Talk_Brother4_Option_01_01_022,他们讨厌我是他们的事，我信守然诺却是我自己的事。
Story/D_Talk_Brother4_Option_01_01_023,呵，好吧，受人之托，忠人之事，我再替你跑一趟嵩山便了。
Story/O_Talk_Brother4_Option_01_01_007,传说中的灵丹
Story/D_Talk_Brother4_Option_01_01_024,我远赴天山，以三跪九叩之礼，一路拜至草庐前，\n卧在雪地里一日一夜，方始得以拜见隐居的绝世高人，幽山老祖前辈。
Story/D_Talk_Brother4_Option_01_01_025,传说竟是真的！\n这、这可苦了你。
Story/D_Talk_Brother4_Option_01_01_026,没事，幽山老前辈是神仙般的人物，我给他行跪拜礼，算不上委屈。\n何况求灵丹也是为了掌门，更何况路费都由你包，我不努力点说不过去。
Story/D_Talk_Brother4_Option_01_01_027,那么仙丹……！
Story/D_Talk_Brother4_Option_01_01_028,－－没了。
Story/D_Talk_Brother4_Option_01_01_029,我们晚了一步，仙丹已给旁人求去了。
Story/D_Talk_Brother4_Option_01_01_030,……命该如此吗。
Story/D_Talk_Brother4_Option_01_01_031,嗯，作为弥补，前辈给我了仙丹的方子。\n只是此丹非得炼足七七四十九个寒暑，方能臻至圆满。
Story/D_Talk_Brother4_Option_01_01_032,纵使速成，也只能强身健体，于掌门丝毫没有帮助。\n反而可能会因药性过烈，而掌门却因瘫痪无法运功化纳，\n导致筋脉尽碎而亡。
Story/D_Talk_Brother4_Option_01_01_033,掌门这病，恐怕挨不了几年，无论如何是用不上了。
Story/D_Talk_Brother4_Option_01_01_034,现下此药方交你，我们都已经尽力了。
Story/D_Talk_Brother4_Option_02_001,师弟，你从前爱慕的小师妹已经不在这了，\n虽说不是我害的，可唐门于你实在也没啥恩惠，\n难道你没有想过留得青山在，不怕没柴烧吗？
Story/D_Talk_Brother4_Option_02_002,咱们交情也算不坏，大可结伴游历江湖，\n走南闯北，直到你哪天走累了，随时可以花钱买老婆，落地生根。
Story/O_Talk_Brother4_Option_02_001,好主意，我要买10个老婆。
Story/D_Talk_Brother4_Option_02_003,凭我这品貌，不花钱还真也讨不到老婆。
Story/D_Talk_Brother4_Option_02_004,这人间花钱买不到的东西，只怕也不多了。\n别信旁人瞎说啥子情比金坚，不信我用钱拆散几对有情人给你看。
Story/D_Talk_Brother4_Option_02_005,好极了，不能只有我痛苦，让人间充满心碎的人吧。
Story/O_Talk_Brother4_Option_02_002,好主意，可我已经有心仪的姑娘了。
Story/D_Talk_Brother4_Option_02_006,你心仪的那位姑娘，恐怕是小钱也买不到的。
Story/D_Talk_Brother4_Option_02_007,我看再有钱也买不到呀。
Story/D_Talk_Brother4_Option_02_008,怎么会呢？你只要富可敌国－－
Story/D_Talk_Brother4_Option_02_009,就可以花钱买粮、买军备，召集人马组织军队，\n只要钱够多、人就够多，无论是谁家姑娘也照样抢了过来当老婆。
Story/D_Talk_Brother4_Option_02_010,哈哈哈！有道理。
Story/D_Talk_Brother4_Option_02_011,不过结伴旅行嘛，还是算了吧。
Story/D_Talk_Brother4_Option_02_012,我有点心灰意懒了，哪里也不想去。\n剩下的日子，在唐门待着就好。
Story/D_Talk_Brother4_Option_02_013,是吗……你心意已决就好。
Story/D_Talk_Brother4_Option_02_014,四师兄你呢？你四处奔走，找到想要找的东西了吗？
Story/D_Talk_Brother4_Option_02_015,被你发现了啊。\n可惜得很，至今也没找着。
Story/D_Talk_Brother4_Option_02_016,或者应该说，我没被找着。\n应该没人跟你说过的吧？我是被扔在唐门的弃婴来着。
Story/D_Talk_Brother4_Option_02_017,业师见我孤苦无依，便抚养我长大，后来才转拜掌门膝下。\n唐门待我不薄，可我始终想看看我真正的家人是什么模样的。
Story/D_Talk_Brother4_Option_02_018,也许他们早已死了，如果没死，我不管怎么说也要抱怨一下才痛快。
Story/D_Talk_Brother4_Option_02_019,希望你能如愿以偿。
Story/D_Talk_Brother4_Option_02_020,承你吉言，但愿如此。
Story/D_Talk_Brother4_Option_03_001,四师兄，你交游广阔，阅历丰富，依你看来，我如今的实力如何？
Story/D_Talk_Brother4_Option_03_002,你想听那种诚恳的实话，还是听言简意赅的版本？
Story/D_Talk_Brother4_Option_03_003,有差吗？
Story/D_Talk_Brother4_Option_03_004,有啊，一件事情总有不同说法，差别在于前者你要付我50钱，后者不用。
Story/O_Talk_Brother4_Option_03_001,50文拿去
Story/D_Talk_Brother4_Option_03_005,贪财，贪财。
Story/D_Talk_Brother4_Option_03_006,依我之见，师弟，你武功很高强。\n如今的你已远非两年以前可以比拟。
Story/D_Talk_Brother4_Option_03_007,你分明资质平庸，却不知有何奇遇，进境神速，\n短短两年之间，竟判若两人。
Story/D_Talk_Brother4_Option_03_008,倘若再给你更多的时间，也许你能更上一层楼也说不定。
Story/D_Talk_Brother4_Option_03_009,现下你在唐门之中，与我和三师兄并列三强。
Story/D_Talk_Brother4_Option_03_010,可你知道吗？我和三师兄被放到江湖上，都算不上什么顶尖高手唷？
Story/D_Talk_Brother4_Option_03_011,即令是当年的大师兄、二师兄，我们都胜不过。\n唐门能给你的，也就这些了，你有没有考虑过下山闯荡江湖呢？
Story/D_Talk_Brother4_Option_03_012,我明白了，四师兄，你千方百计就是想劝我离开唐门独活，对吧？
Story/D_Talk_Brother4_Option_03_013,被发现了啊。
Story/D_Talk_Brother4_Option_03_014,我是不会走的。
Story/D_Talk_Brother4_Option_03_015,而我是不会退你50钱的。
Story/O_Talk_Brother4_Option_03_002,我选择不用钱的版本
Story/D_Talk_Brother4_Option_03_016,你比以前厉害得多，但是放到江湖上充其量就是二、三流人物。\n你想殉派是可以，但对江湖人来说，就是死了一个无关紧要的路人的感觉。\n其实你这种货色无论溜了还是死了，都没人会注意到，你好自为之吧。
Story/D_Talk_Brother4_Option_03_017,喔……喔。
Story/D_Talk_Brother4_Option_03_018,怎么样，受伤了吗？
Story/D_Talk_Brother4_Option_03_019,有一点。
Story/D_Talk_Brother4_Option_03_020,你自找的喔。
Story/N_Casino_01_101_001,十赌九诈，若非你穿着唐门衣色，那些老千甚至可以让你输到脱裤。
Story/N_Casino_01_301_001,你小赚了一把，得意洋洋，引人侧目。
Story/N_Casino_01_401_001,你大赚一把，得意忘形，招人怒目。
Story/N_Center_Free_001_001,参与唐门团练，由三师兄带操团练，强身健体，挥洒青春汗水。
Story/N_Center_Free_101_001,参与唐门团练，由二师兄带操团练。\n由于二师兄生性冷漠，基本采取放任态度，导致团练的气氛很低糜。
Story/N_Center_Free_102_001,参与唐门团练，由四师兄带操团练。\n由于四师兄太随和没半分架子，大家也都没分寸起来，\n练功随随便便，打闹玩耍居多。
Story/N_Center_Free_103_001,参与唐门团练，由大师兄带操团练。
Story/N_Center_Free_103_002,大师兄根本不照唐门暗器总纲所载传授，\n反而灌输众师弟一些奇怪的观念，害大家都变得奇怪起来。\n集体逃学游山玩水，惹火了掌门。
Story/N_Center_Free_201_001,参与唐门团练时，惨遭不熟练的弟子以流弹误伤。\n幸亏三师兄及时施救，才没有大碍。\n大难不死，只是将养几日必不可免了。
Story/N_Center_Free_301_001,参与唐门团练，由三师兄带操团练，强身健体，挥洒青春汗水。\n小师妹出没，不单你的心情变好，众弟子也都练得特别卖命，\n颇有力求表现、互相较劲的意思。
Story/N_Center_Free_401_001,参与唐门团练，难得掌门亲自指点，\n众师兄担任助教，无论入室弟子、外姓弟子均感斗志旺盛。
Story/N_Center_Free_501_001,团练时，留学的别派弟子不听施令，认定唐门拳操都是肤浅的基本功，不练也罢，\n便自成一团练自家武功，令本门弟子大受影响，气氛不大和谐。
Story/N_Center_Free_502_001,团练时，留学的别派弟子有意耀武扬威，推挤本门弟子，\n偏生那受欺负的弟子也不是个由人摆布的软柿子，双方爆发口角。
Story/N_Center_Free_502_002,最终二师兄介入仲裁，将惹事双方一并处罚，\n那被罚外派弟子心有不忿，待锋头过去，便到处说唐门的坏话。
Story/N_Center_Free_503_001,本门弟子与外派留学弟子一同团练，挥洒汗水。\n外派弟子逐渐领悟基本功的重要，而本门弟子也从别人建言开拓了视野。
Story/N_Center_Free_901_001,浑没想过竟有你来负责带操的一日，感慨万千。\n站在指导者的角度，你才赫然惊觉师弟妹们不乏资质比你要差的，\n需要设身处地因材施教，因此你亦开拓了先前未有的武学思路。
Story/N_Center_Free_902_001,师弟之中，有一群奇葩，非但资质低劣怎么教都教不会，\n而且性情恶劣会找借口敷衍，嘴上称是，你一转头又故态复萌，\n好吃懒做，还私下讲你坏话，差点没把你给气死了。
Story/N_Center_Free_903_001,大师兄带操时心血来潮，带头蹴踘，比赛规则自定义，一打你们全部。\n虽然大师兄轻功、腿功高明，但因为小师妹的参战，最后大师兄输了。
Story/D_Center_Girl_03_01_001,阿活～我们要不要偶尔来切磋几招啊？\n我新学了唐门暗器总纲的手法，想请你指点一下。
Story/O_Center_Girl_03_01_001,来啊
Story/D_Center_Girl_03_01_002,好！
Story/D_Center_Girl_03_01_003,火！闪！电！
Story/D_Center_Girl_03_01_004,嘎啊啊～～！
Story/D_Center_Girl_03_01_005,你竟然还叫帮手？
Story/D_Center_Girl_03_01_006,又是你这只臭鸟！
Story/O_Center_Girl_03_01_002,先不要
Story/D_Center_Girl_03_01_007,喔，好吧……。
Story/D_Center_Girl_03_02_001,哇哈哈，输了。
Story/D_Center_Girl_03_02_002,火闪电，都是你。\n你惨了你，本梅要给你炼狱特训。
Story/D_Center_Girl_03_02_003,嘎——！
Story/N_Center_Girl_03_02_001,你眼睁睁看着绝望的火闪电被小梅拖走，强鹤所难。
Story/D_Center_Girl_03_02_004,这可不行啊，阿活，你连一只鸟都打不过，未免太脓包了。\n火闪电，我们走，我们不屑与弱者为伍。
Story/D_Center_Girl_03_02_005,嘎——！
Story/D_Center_Girl_03_02_006,过份……。
Story/D_Center_Girl_03_02_007,哈哈哈，你看看你～！
Story/N_Center_Girl_03_02_002,你被小梅打败了，成为同门的笑柄。
Story/N_Center_Work_001_001,练武场的工作很枯燥，但是总得有人去做。
Story/N_Center_Work_101_001,你在练武场扫除时，被路过的一群女弟子嘲笑了。
Story/N_Center_Work_102_001,不知道发生了什么事情，山上的猴子集体涌入唐门，\n丢弃了一大堆毒蛇、毒虫尸体，旋即一哄而散。\n为了收拾善后，你和师弟妹们忙了一整天，给炼丹房添了不少新鲜材料。
Story/N_Center_Work_201_001,你正在弯腰清理场中顽垢时，却有师弟没遵照练武场使用规范，\n在清扫时间来练功，一记脱手镖扎进了你的屁股肉里。\n事后他为了给你赔罪，送了你一坛美酒。
Story/N_Center_Work_301_001,练武场的工作很枯燥，但是总得有人去做。\n你拔了野草，给碎砖添土磨平，洗刷练武场上的汗渍避免有人踩到滑倒。\n你的付出大家都有看到。
Story/N_Center_Work_302_001,练武场的工作很枯燥，但是总得有人去做。\n看到你在挥洒汗水，其他弟子也纷纷加入了行列分担你的工作。\n大家一起在太阳底下，一边唱山歌一边清扫，这一天的唐门充满活力。
Story/N_Center_Work_901_001,你在练武场扫除时，心血来潮踏着入室弟子们练功时留下的脚印挥舞扫把，\n幻想自己也成为了武林高手。
Story/N_Center_Work_902_001,打扫的时候，四师兄在练武场摆摊卖起了点心，\n冬天烧仙草，夏季甘草汤，此外还有药木瓜、荔枝膏等等各式香饮子。
Story/N_Center_Work_902_002,三师兄对此感到很头痛，但掌门不加制止，谁也拿他没辙。\n小师妹在四师兄摆摊的时候都会变得异常兴奋，你也把扫把丢一边去尝了些。
Story/D_0_1_001,醒醒，师弟，现在就挂掉还太早了。
Story/D_0_1_002,……大师兄？
Story/D_0_1_003,嘿，亏你还记得我啊。
Story/D_0_1_004,撑着点，师弟，就快结束了。
Story/D_0_1_005,这里是哪儿？我是谁？
Story/D_0_1_006,师弟，你可醒啦！
Story/D_0_1_007,四师兄？
Story/D_0_1_008,这儿有盆水，你照照，水中的丑人你可认得？
Story/D_0_1_009,……是我。
Story/D_0_1_010,认得就好，烂货。\n喏，人没死，我要下山了，诊费现结，没得商量。
Story/D_0_1_011,啊这个……李大夫，这个诊费嘛……。
Story/D_0_1_012,现结，没得商量。
Story/D_0_1_013,师兄，你可醒了，你睡了三天三夜呢。
Story/D_0_1_014,真的假的？……话说，各位师兄是谁？好似从没见过你们。
Story/D_0_1_015,你当真？先别开玩笑了师兄。
Story/D_0_1_016,啊，我先去跟代掌门禀报，你醒了他一定好生欢喜。
Story/D_0_1_017,咦？不必了吧，我区区的外姓弟子，\n三天两头就累晕一次，从来没敢劳烦掌门担忧啊。
Story/D_0_1_018,外姓弟子……是什么玩意？
Story/D_0_1_019,{size=24}师兄他怪怪的，快去把李大夫请回来。{/size}
Story/D_0_1_020,不用不用，与其去找大夫、找掌门，\n倒不如哪个好心人去劝小师妹过来探一探我，我立马就没毛病了。
Story/D_0_1_021,……。
Story/D_0_1_022,快，快去请李大夫，就说师兄已疯了。
Story/D_0_1_023,师兄，你忘啦？小师妹早已出嫁啦。
Story/D_0_1_024,－－啊。
Story/T_0_1_001,对了，我这是睡昏头了吧，浑浑噩噩的。\n小师妹已经嫁了……是啊，已嫁了很久。\n那日在正心堂，掌门说要将小师妹许配给大师兄，简直就像昨天的事一样。
Story/D_0_1_025,你也该放下了，反正都是你一厢情愿。\n小师妹嫁得好，你不为她称庆吗？
Story/D_0_1_026,是啊，她嫁给大师兄，没有更好的了。
Story/D_0_1_027,师兄，你在胡说什么啊，大师兄早已过世了。
Story/D_0_1_028,啥！你、你说啥？
Story/D_0_1_029,请镇定点，师兄。\n你身负重伤，太过激动的话，说不定伤口又要裂开了。
Story/D_0_1_030,见过代掌门！
Story/D_0_1_031,{size=24}你们先出去吧。{/size}
Story/D_0_1_032,代掌门？三师兄，你、你成了掌门？\n我记得昨天你才说不想当掌门－－唔。
Story/D_0_1_033,师弟，那已经是两年前的事了，你睡昏头了吗？
Story/D_0_1_034,两年前？你不是在耍我吧？
Story/D_0_1_035,……师弟，咱们很久没切磋了，要不要去练功场走几招？
Story/D_0_1_036,现在不是做这种事情的时候吧！
Story/D_0_1_037,不，正是因为现在的情况，才必须做这种事，走吧。
Story/D_0_1_038,三师兄，就算你要指点我功夫，光天化日在练武场会否太招摇了些？\n毕竟你知道，外姓弟子是不许真传的。
Story/D_0_1_039,无妨，无妨，权当活动筋骨，来吧。
Story/D_0_1_1_001,……不，接着来吧。
Story/D_0_2_001,就打到这里为止吧。
Story/D_0_2_002,三师兄，就算是喂招，你也放水过头了吧。
Story/D_0_2_003,呵，我可没让你。
Story/D_0_2_004,活动了一下，舒活血气，感觉脑子轻快不少吧。
Story/D_0_2_005,……。
Story/D_0_2_006,嗯，是啊－－我都想起来了。
Story/D_0_2_007,大师兄、二师兄都已经不在了。
Story/D_0_2_008,掌门瘫痪卧病在床，三师兄临危受命成为代掌门。
Story/D_0_2_009,小师妹嫁给了一位声名鹊起的少年英雄。\n她大喜之日，我躲在棉被里哭得像个娘们似的。
Story/D_0_2_010,我都记得，只是恍恍惚惚的，好像是梦一样不真切，\n像在读别人的故事，彷佛从今日起，才开始接手别人走过的人生一样。
Story/D_0_2_011,……你日前代本门出战崆峒派金乌上人，险胜一手，\n却也被他以独门兵器烈阳锤重创脑门，乍看并无大碍，\n他的真气却窜入你体内，使你终日昏昏沉沉，如梦如醉。
Story/D_0_2_012,有一日你饭后不久便睡了，我只道你倦了，岂料你一觉便睡了三日三夜。
Story/D_0_2_013,金乌上人？崆峒派那位？\n我竟然打得赢他，简直离奇。
Story/D_0_2_014,可别说这种丧气话给师弟妹们听见。\n你早已不是从前的外姓弟子，唐门没教会你功夫，你却自有奇遇。\n如今你已是本门栋梁之材了。
Story/D_0_2_015,听起来真像笑话，这分明是我从前每日幻想的情节。\n我还是外姓弟子时，成日幻想自己有朝一日能出人头地，武功高强。\n但是眨了个眼，瞬间来到今日，我却一点也不快乐。
Story/D_0_2_016,师弟，那么你还记得武林盟吗？\n记得本门正面临什么样的威胁吗？
Story/D_0_2_017,武林盟……嗯，我记得，他们是正道武林五派三宫二大帮的联盟。\n一经成立，便雷厉风行，扫荡各地魔教分舵。\n去年歼灭了魔教支派阴曹，而今……。
Story/D_0_2_018,正蓄势待发，准备一举歼灭唐门。
Story/D_0_2_019,正是。
Story/D_0_2_020,武林大会以后，我们便彻底被当成魔教支派了。\n跳进黄河也洗不清，完全不由分说。
Story/D_0_2_021,是啊，纵使最初这梁子起于误会，但本门错过了自清的时机，\n此间杀伤好人无数，与各派结下不解深仇，我们早已不冤枉了。
Story/D_0_2_022,幸好小师妹嫁出去了，总算保得性命，不至于白白断送在此。
Story/D_0_2_023,你能这样想，当然很好。
Story/D_0_2_024,唉，我只是自欺欺人罢了，不然还能怎么样呢？
Story/D_0_2_025,－－师弟。
Story/D_0_2_026,干嘛？
Story/D_0_2_027,我有一言，不以代掌门的身份，而是以三师兄的身份对你说。
Story/D_0_2_028,……可别劝我下山隐姓埋名，苟且偷生喔。
Story/D_0_2_029,你所倾慕的人已经不在这啦。\n你从前不是老说要是唐门没有小师妹，你片刻也不愿多留吗？
Story/D_0_2_030,那是从前，谁让你们不把外姓弟子当人看，成日使唤我。\n那三师兄你又为何不走呢？
Story/D_0_2_031,尽人事，听天命。掌门旧日不是常说吗？\n侠者，不受名利所牵，但求俯仰无愧。\n即便我们已看见终点，也要挺起胸膛把这趟路走完。
Story/D_0_2_032,无须多言，我奉陪到底便是。
Story/D_0_2_033,好。
Story/D_0_3_001,师兄，代掌门遣我来召唤你，速至正心堂，会议就缺你一席了。
Story/D_0_3_002,啊，我差点忘了，这就去。
Story/D_0_3_003,师弟，你来了。
Story/D_0_3_004,又在爆睡。
Story/D_0_3_005,嘿嘿。
Story/D_0_3_006,咳嗯，那么月会就此开始。\n惭愧，我才疏学浅，德不配位，暂摄掌门之职，实属汗颜－－
Story/D_0_3_007,代掌门，我看场面话还是免了吧。\n此间就我们三人而已，还是军情要紧。
Story/D_0_3_008,说得也是，那我便直说了。\n毫不意外的，武林盟已经正式向本门宣战了。
Story/D_0_3_009,上次不就宣战过了吗？
Story/D_0_3_010,上次那是檄文，这次是宣战书。\n信中指明了一月十五日会围攻唐门。
Story/D_0_3_011,杀光我们，还来得及下山吃元宵呢。
Story/D_0_3_012,岂有此理，我也要吃。
Story/D_0_3_013,大事情就这一件，二位师弟，还有什么要事想说吗？
Story/D_0_3_014,我有。\n飞石帮老早就看咱们不爽，大师兄过世时消停了一阵子，还算安分，\n可最近又故态复萌，老是故意寻衅找碴。
Story/D_0_3_015,我下山跑商采买，也经常会碰上飞石帮，\n往往都是花钱消灾，请他们喝茶陪笑，勉强无事。
Story/D_0_3_016,可近来他们的行径，也未免太嚣张了。\n勒索我不只，甚至光明正大抢我钱囊，扬言要请全街坊喝酒。
Story/D_0_3_017,于是我一怒之下，就失手打扁了几个人，还反抢了他们的钱包。
Story/D_0_3_018,你抢了他们的钱包？
Story/D_0_3_019,现在飞石帮很生气，打算率众寻仇来着。
Story/D_0_3_020,怎么回事……你还嫌我们命太长吗？\n这下能否活到冬至都是个问题了！
Story/D_0_3_021,你说飞石帮，是那个专门派遣人力做粗工的飞石帮吧。\n那不就是个龙蛇混杂的九流帮派吗？何必如此大惊小怪？
Story/D_0_3_022,师弟，我还道你已经彻底恢复记忆了。
Story/D_0_3_023,飞石帮龙蛇混杂是真的。\n但若有一万条龙，十万条蛇混在一起，你还敢小瞧他们吗？
Story/D_0_3_024,咦？
Story/D_0_3_025,这两年之间，飞石帮黑白两道皆来者不拒，急速扩散，\n单论人数，甚至更胜昔日沧帮、白鲨帮，仅次于丐帮而已。\n少说也有数万帮众，早已今非昔比。
Story/D_0_3_026,真的假的！我的天！
Story/D_0_3_027,哪里还有假，唉，一波未平一波又起。\n我怎么就那么命苦，就说我不想当掌门了！
Story/D_0_3_028,我总以为你是客套话。
Story/D_0_3_029,你喜欢我立马传位给你。
Story/D_0_3_030,谢谢，不要。
Story/O_0_3_001,即使如此还是怪不得四师兄。
Story/D_0_3_031,即使飞石帮今非昔比，又怎么打不得了？\n他们说穿了就是看你落魄才敢欺上头来。\n人生在世若连一口气也挣不得，那不如早死早超生。
Story/D_0_3_032,我的好师弟，我就知道你会挺我。
Story/D_0_3_033,话不是这么说。
Story/O_0_3_002,看你干的好事。
Story/D_0_3_034,我们把犯人捆起来交出去，请飞石帮主定夺好了。
Story/D_0_3_035,不好笑，不是说好有福同享有难同当的吗！
Story/D_0_3_036,你不是早就预告过要一走了之吗？
Story/D_0_3_037,我这不是还没走吗？
Story/D_0_3_038,飞石帮跟武林盟不同，是介于黑白之间的灰色帮会。\n得罪了他们，纵然离开唐门也会被千里追杀，\n只怕你往后余生都没好日子过了。
Story/D_0_3_039,－－妈呀。
Story/D_0_3_040,总之就先看着办吧，不然怎么办？
Story/N_0_3_1_001,飞石帮主一如所料，即令气得牙痒痒的，却忌惮武林盟，不敢轻举妄动。\n只能由得你捣蛋、伤人、抢钱，给唐门出了口恶气。
Story/D_0_4_001,……。
Story/T_0_4_001,从前唐门还很热闹的时候，大伙常常聚在后山玩闹。\n喝酒、捉溪鱼来烤、唱山歌、玩水、练功。
Story/T_0_4_002,多半是大师兄带头的。
Story/T_0_4_003,掌门很头疼，严令禁止，大师兄都当作耳边风，\n小师妹也常装作不知道，一言不发默默跟过来。
Story/T_0_4_004,她既不开口讨要东西，也不跟大家一起胡闹，只是安静地待着。\n待我问她要不要吃鱼，她才会眉开眼笑，旋即又努力收敛表情，\n拿着烤鱼呵凉了，小口小口的吃着的模样，真是太可爱了。
Story/T_0_4_005,她嫁的人，是个不世出的少年英雄，才貌、武功都胜我不知道多少倍。\n她远离家乡，不知道会不会想念唐门？
Story/T_0_4_006,大漠一别之后，瑞杏不知过得如何。
Story/T_0_4_007,那盘棋至今还没下完呢，只怕这一生再也没有相会之期了吧。
Story/O_0_4_001,唱山歌
Story/D_0_4_002,师－－
Story/N_0_4_001,你对着空幽的山谷，清嗓唱起歌来。
Story/N_0_4_002,你唱歌抒怀，心情有如雨后放晴，悲伤一扫而空。
Story/N_0_4_003,然而非常难听，附近的走兽纷纷走避。
Story/D_0_4_003,？！
Story/D_0_4_004,不要唱了，吵死人了！\n唱什么鬼东西完全听不懂，比鬼叫还吵！\n你是在发音波功还是什么临死悲鸣吗！闭嘴啦贱人！
Story/O_0_4_002,捉鱼来烤
Story/N_0_4_004,你武功早已今非昔比，心念一动，\n信手便甩出暗器，将山溪里的游鱼射死。
Story/N_0_4_005,再搜集了些干柴，就地烤了起来。
Story/D_0_4_005,从前唐门弟子还有内外姓之别的时候，我就经常被叫来负责烤鱼。\n大家吃剩了，才有我的份，真是过份。
Story/D_0_4_006,现在唐门中的师弟妹，应该都人心惶惶的吧。\n人人为了保命，都在勤练武功，没人有闲情逸致一块吃鱼。
Story/D_0_4_007,其实一走了之不就得了？真是搞不懂他们。\n……其实我也没资格说他们吧。
Story/D_0_4_008,唐门最是苛待我、把我当奴仆使唤的时候，我也没有离开。\n那是因为小师妹在的缘故。
Story/D_0_4_009,可是如今呢？我又为何不走呢？\n也许我也把这里当家了吧。
Story/D_0_4_010,差不多烤好了。
Story/D_0_4_011,嘶，烫，烫。
Story/D_0_4_012,真好吃。
Story/D_0_4_013,真是寒酸的家伙，区区一条烤鱼就吃得津津有味。\n也对，反正你这种乡下土包子也不知道真正美味的珍馐是什么样的。\n真羡慕你塞条臭鱼就被满足了，俗话说越贱越好养倒是真的。
Story/O_0_4_003,练功
Story/N_0_4_006,你心烦意乱，不吐不快，随意拉开架式，打起拳来。\n以指作剑，以掌化刀，以腿为鞭，以肘当锤。
Story/T_0_4_008,本门的唐门暗器总纲，是不传外姓弟子的。\n虽然人手一本，但若无师长亲自点拨，要想得窥诀窍根本难如登天。\n像我这种爹不疼娘不爱的，就只能自己摸索。
Story/T_0_4_009,不过我翻来覆去，就只能读懂提纲的忘形篇而已。\n忘形篇旨在阐明万物皆可作暗器，无须拘泥于外形。\n我固然懂得这个道理，但手法、心诀一律欠奉，所以武功始终毫无寸进。
Story/T_0_4_010,没想到后来连番奇遇，竟教我参悟了武学奥秘，\n虽然不使暗器，我却能以忘形篇使用天下各家武学，\n既不拘于形，亦不会有贪多嚼不烂、驳杂不纯的情况。
Story/T_0_4_011,不过饶是如此，我独自修练，始终碰上了瓶颈。\n数月以来进境缓慢，要说和三师兄、四师兄拆招吧，\n他们的路数我也摸透了，再练也难有突破。
Story/D_0_4_014,……。
Story/D_0_4_015,默铃妹子，这货胡乱比划有啥好瞧的？\n乱七八糟的，完全不成路数，就连我这练过几个月功夫的，都比他还行。
Story/D_0_4_016,依我说啊，你都嫁为人妇了，别成日想着舞刀弄枪，\n在家相夫教子才是正经，你爹从前教你学武，没的耽误了你的人生。
Story/D_0_4_017,咦，咦！小、小师妹？
Story/D_0_4_018,……。
Story/D_0_4_019,我回来了。
Story/D_0_4_020,还有我也回来了。
Story/D_0_4_021,我不是在做梦吧，你怎么会回来的？\n怎么还会穿着从前的衣服？
Story/D_0_4_022,无视我是吧。
Story/D_0_4_023,见到你真好。
Story/D_0_4_024,少在那边对着有夫之妇面露垂涎之色了，丑男。\n别人回娘家看看，难道还有义务告知你？\n我们念旧，穿穿旧衣服，跟你又有什么干系了？
Story/D_0_4_025,因为想回来。
Story/D_0_4_026,那真是太好了，我时常挂念你。
Story/D_0_4_027,可惜人家没有挂念你啊，丑男。
Story/D_0_4_028,小师妹，我如果宰掉你旁边那头聒噪的母猪，你会生气吗？
Story/D_0_4_029,小师妹，我先点了旁边这人的哑穴，再来与你叙旧。
Story/D_0_4_030,喂，你别乱来喔，你知道我是谁吗？\n我从前在唐门的时候小师妹就要喊我一声师姊，如今更不得了。
Story/D_0_4_031,我家老爷可是她官人的拜帖兄弟，她官人都要叫我家老爷一声大哥。\n换言之，她还得喊我一声大嫂，是给我端茶漱口问安的辈分。
Story/D_0_4_032,她让你端茶给她？果然还是宰掉吧。
Story/D_0_4_033,噫噫！小、小师妹，你看他那什么眼神！\n快点阻止他，不然我回去要告状的！
Story/D_0_4_034,不要杀掉比较好。
Story/D_0_4_035,那稍微打一顿可以吗？
Story/D_0_4_036,不可以。
Story/D_0_4_037,可是她一直吵。
Story/D_0_4_038,不可以。
Story/D_0_4_039,好吧。
Story/D_0_4_040,哈，这才是我的好妹子呢。
Story/D_0_4_041,大嫂，你不要一直说话。
Story/D_0_4_042,好啊，嫌我多话是吧？\n我现在不说可以，回去你就别怪我向我家老爷嚼舌根。\n我家老爷是你官人的拜把兄弟，难保不传入他耳里，这样也无所谓吗？
Story/D_0_4_043,嗯。
Story/D_0_4_044,还无所谓？你是不知道自己的处境吗？\n唐门都要没了，你已经没靠山了，你道你还是掌门千金吗？
Story/D_0_4_045,你家官人是天下最俊美、出众的少侠，爱煞了他的美貌姑娘还少得了？\n他其余几位红颜知己，无一不是文武双全，才色兼备的奇女子。\n你再不机警点，使出浑身解数讨好他，往后日子怎会好过？
Story/D_0_4_046,没关系。
Story/D_0_4_047,我看你是没搞清楚状况，只要我一句话……
Story/D_0_4_048,噫噫！
Story/D_0_4_049,说了这么多，都口干了，我言尽于此，\n我要下山找茶喝了，你可别耽误归程。
Story/D_0_4_050,……。
Story/D_0_4_051,……。
Story/D_0_4_052,你去看过掌门了吗。
Story/D_0_4_053,嗯，爹在睡觉。
Story/D_0_4_054,最近掌门气色不错，呼吸匀凈，只是睡得比较久而已。\n也许有一天他突然醒过来，一脸神清气爽。
Story/D_0_4_055,那样的话，该有多好。
Story/D_0_4_056,三师兄说，想请可靠的人护送掌门去乡下赡养。\n四师兄已经找好了地方，往后你得闲可以时时去看他，\n应该比回到唐门方便。
Story/D_0_4_057,好。
Story/D_0_4_058,……。
Story/D_0_4_059,……。
Story/D_0_4_060,烤鱼……要吃吗？
Story/D_0_4_061,要。
Story/N_0_4_007,你看着小师妹呵凉了烤鱼，小口小口地吃掉，舔舔手指。\n就像时光倒流，回到了一切都很美好的从前似的。
Story/D_0_4_062,我有一些话，不知当不当我问。
Story/D_0_4_063,？
Story/D_0_4_064,你……你婚后，日子舒心吗？
Story/D_0_4_065,还好。
Story/D_0_4_066,是吗？那就好。\n听说他有好几位红粉知己，我还怕你会受冷落呢。\n看在你夫君的面子上，武林盟的人总不会找你麻烦。
Story/D_0_4_067,师兄，你不回家吗？
Story/D_0_4_068,我？
Story/D_0_4_069,嗯，你又不姓唐。
Story/D_0_4_070,哈哈，对耶。\n别担心，我说不定改天就回家了。
Story/D_0_4_071,那我要走了。
Story/D_0_4_072,这么快吗？
Story/D_0_4_073,嗯，有人在客栈等我们。
Story/D_0_4_074,这样啊，那么我送你下山吧。
Story/D_0_4_075,我自己会下山。
Story/D_0_4_076,说的也是，你已经会自己下山了！\n那……那我就送到山门？
Story/N_0_4_008,小师妹摇了摇头，示意不必。
Story/D_0_4_077,不行吗？哈，哈哈……那就，在这里向你道别了。
Story/D_0_4_078,嗯。
Story/N_0_4_009,小师妹向你挥了挥手，转身而去。
Story/D_0_4_079,小师妹。
Story/D_0_4_080,？
Story/D_0_4_081,以后有空也请回来看看吧，我会在这个地方，和大师兄他们葬在一起。
Story/D_0_4_082,你带着你的孩子、孙子，为我烧一炷香。\n到时你跟你的孩子、孙子说，从前有一个人很爱慕你们的奶奶。\n即使奶奶不喜欢他，但还是会记得他很久很久。
Story/D_0_4_083,……。
Story/O_0_4_004,？？？
Story/D_0_4_084,……。
Story/D_0_4_085,哈，是不是太恶心了？像我这种丑八怪，原是不配让你记得。
Story/N_0_4_010,小师妹一言不发，身上所系的铃铛却铃铃作响。
Story/D_0_4_086,咦，原来那个铃当不是哑的？
Story/D_0_4_087,……我骗你的，我很不开心。\n每天每天，都很不开心。
Story/D_0_4_088,为什么？
Story/D_0_4_089,我不知道，他没有对我不好，但是，很孤单。
Story/D_0_4_090,小师妹……停下来！
Story/D_0_4_091,你再靠近，会出事的。\n回去吧，回你家去，一切都会慢慢变好的。
Story/D_0_4_092,呜呜……呜呜……呜哇～～
Story/N_0_4_011,你很久不曾听过小师妹哭泣了，就连表情都很罕见。\n那姑娘的哭声回荡在山间，纵使远去，依然回响在你心中。
Story/T_0_4_012,这样就好，好好活下去吧，小师妹。
Story/O_0_4_005,？？？
Story/D_0_4_093,……。
Story/D_0_4_094,哈，是不是太恶心了？像我这种丑八怪，原是不配让你记得。
Story/N_0_4_012,小师妹一言不发，身上所系的铃铛却铃铃作响。
Story/D_0_4_095,咦，原来那个铃当不是哑的？
Story/D_0_4_096,好，我会记得你，我会记得你们所有人。
Story/D_0_4_097,师兄，谢谢你一直对我那么好。\n我以前不懂，现在知道了。
Story/D_0_4_098,你知道了？
Story/D_0_4_099,我知道了。
Story/D_0_4_100,乖，别哭了，回家去吧，还有人在等你，不是吗？
Story/N_0_4_013,小师妹以衣袖抹去了泪水，点点头，缓步离开。
Story/T_0_4_013,这样就好，好好活下去吧，小师妹。
Story/O_0_4_006,？？？
Story/D_0_4_101,……。
Story/D_0_4_102,不要。
Story/D_0_4_103,咦？
Story/D_0_4_104,就不要。
Story/D_0_4_105,不要这样嘛，我也没这么讨厌吧，还是说脸不好看就不行？
Story/D_0_4_106,跟脸没关系，我讨厌你。\n你快点回家，不要葬在唐门。
Story/D_0_4_107,原来你叫我回家是这个意思喔！
Story/D_0_4_108,嗯。
Story/D_0_4_109,臭小娘皮，我对你难道不好吗？你就这样报答我？
Story/N_0_4_014,小师妹抄暗器在手，摆出了准备战斗的架式。
Story/D_0_4_110,你自找的，等我打赢，就把你打包带回老家！
Story/D_0_4_111,……好吧，就听你的好了。
Story/D_0_4_112,反正我的冤魂会无时无刻纠缠你！
Story/D_0_4_113,！？不、不要。
Story/D_0_4_114,别怕，我的冤魂不会害你，还会保护你，帮你半夜赶蚊子。
Story/D_0_4_115,不要！我……我会去祭拜你的，不要缠我！
Story/D_0_4_116,一言为定喔。
Story/D_0_4_117,好。
Story/N_0_4_015,有如惊弓之鸟的小师妹落荒而逃了。
Story/D_0_4_118,哈哈哈，真是太可爱了。
Story/D_0_4_1_001,呃啊！
Story/D_0_4_1_002,……。
Story/N_0_4_1_001,小师妹顾念旧日同门之谊，没有痛下杀手。
Story/D_0_4_1_003,小师妹，虽然你退隐了，论功夫果然还是胜我一筹啊。
Story/D_0_4_1_004,我没有希望你死掉。
Story/D_0_4_1_005,太善良了吧，这样不是让我更喜欢你了吗。
Story/D_0_4_1_006,……我有什么好的？
Story/D_0_4_1_007,很多地方都很好。
Story/D_0_4_1_008,不准你喜欢我，不准再对我好。\n你……你……去喜欢别人啊。
Story/D_0_4_1_009,要是我办得到就好了。
Story/D_0_4_1_010,呼……呼，听说你出嫁后都没练功了，怎么还这么强。
Story/D_0_4_1_011,你哭什么？我被打成这样才想哭吧。
Story/D_0_4_1_012,你想跳崖？
Story/D_0_4_1_013,要你管，不要碰我。
Story/D_0_4_1_014,……。
Story/D_0_4_1_015,我不要……去你老家。
Story/D_0_4_1_016,宁愿死也不要？
Story/N_0_4_1_002,小师妹擦干了眼泪。
Story/D_0_4_1_017,嗯。
Story/D_0_4_1_018,……那你走吧，我跟你闹着玩的呢。\n虽然不甘心，但也没办法，我早有心理准备了。\n不如意事十之八九，所谓人生就是这个样子啦。
Story/D_0_4_1_019,……。
Story/D_0_4_1_020,怎么了？我虽然是个又丑脾气又坏的人，也不可能伤害爱慕的女子吧。\n即使你厌憎我，也无所谓。
Story/D_0_4_1_021,……。
Story/N_0_4_1_003,小师妹饱含敌意的倒退着离开你的视线。
Story/D_0_4_1_022,我还真是被讨厌透顶了。
Story/D_0_5_001,众位师弟、徒儿，今日即是武林盟到临之日，\n弟子回报，正道武林已聚于山脚之下，有数千之众。
Story/D_0_5_002,纵使我们倚仗地利，亦难回天。\n不讳言，恐怕今日便是我唐门覆灭之时。
Story/D_0_5_003,如今掌门卧病在床，归隐静养，\n我唐升忝为代理掌门，未能力挽狂澜，愧对列祖列宗。\n今日唐门亡于我手，我自将亲下九泉，负荆向祖宗请罪。
Story/D_0_5_004,还有归处的人，无须死忠，活下去也是一种胜利，这便下山去吧。\n若不肯走的，便随我们死在今日，我们哪里也不去，因为我们是唐家人。
Story/D_0_5_005,代掌门是说真的，我就有打算开溜哦？\n想走的人就跟在我后面，千秋骂名肯定先记我一笔，别担心。
Story/N_0_5_001,眼见四师兄毫不迟疑迈开步伐，弟子们也随之骚动。
Story/O_0_5_001,一个人也没走
Story/D_0_5_006,……！我唐升今日与诸位共死，与有荣焉。
Story/N_0_5_002,谁也没有挪开脚步，人人视死如归，胸中豪情万丈，慷慨激昂。
Story/O_0_5_002,走了小部分人
Story/D_0_5_007,好，本门有这么多重情重义之人，实属万幸。
Story/O_0_5_003,走了大部分人
Story/T_0_5_001,很好，大家都回家去吧。
Story/O_0_5_004,走个精光
Story/N_0_5_003,众弟子一哄而散，最终只剩三两个无家可归的彷徨之人。\n他们也不是不愿离开，只是想不到可以去哪里。
Story/T_0_5_002,呃，不管怎么说，还真是超乎我的意料。
Story/D_0_5_008,真是有够现实的。
Story/D_0_5_009,师弟，你呢？
Story/D_0_5_010,我？\n我没别的好说了，放开手脚，痛痛快快大干一场吧。
Story/D_0_5_011,好气概，好儿郎既生于世，便当有此气魄。
Story/D_0_5_012,三师兄，说起来很少跟你喝酒呢。\n要不要干一杯再上路？
Story/D_0_5_013,自当奉陪，干！
Story/N_0_5_004,你和三师兄仰头饮干葫芦里的酒水，砸破在地。\n慷慨赴义，醉看生杀。
Story/D_0_5_014,师弟，你呢？
Story/D_0_5_015,说来可笑，我现在光是想要镇住不发抖，就已运上了内力。\n武功变高了，可我骨子里还是胆小。
Story/D_0_5_016,没那回事，知死必勇，非死者难也，处死者难。
Story/D_0_5_017,司马迁有云：『人固一死，或重于泰山，或轻于鸿毛，用之所趋异也。』\n我生来下贱，人微言轻，不过是想死得体面罢了。
Story/D_0_5_018,师弟，你腹有经纶，怎能说是人微言轻？\n与你煮茶讲经论天下的岁月，足以告慰生平了。
Story/D_0_5_019,这时候还在吊书包，听不懂啦。
Story/D_0_5_020,这句话的意思就是说－－算了，事到如今还说教，就太多余了。
Story/D_0_5_021,就是说啊，并肩子上便是。
Story/D_0_5_022,好，你我师兄弟今日生死与共。
Story/D_0_5_023,禀、禀报代掌门，有人来了。
Story/D_0_5_024,这么快就来了？第一波有多少人？
Story/O_0_5_005,有100个人
Story/D_0_5_025,想用人海战术波次攻坚，令我等精疲力竭啊，很好。
Story/D_0_5_026,师弟，你我各分20人，如何？
Story/D_0_5_027,分是可以分，我没说我打得赢哦？
Story/D_0_5_028,我也没说我会赢啊，这就上吧。
Story/D_0_5_029,好，大家随代掌门迎敌！冲啊！
Story/O_0_5_006,3个高手
Story/D_0_5_030,欺我们无人，先派高手进来震慑当场，想吓退门人，减少抵抗。
Story/D_0_5_031,四师弟不在，师弟，你我合力，斗他们三人如何？
Story/D_0_5_032,甚好，兵来将挡，水来土掩。
Story/O_0_5_007,1个绝顶高手
Story/D_0_5_033,一个人？是何方神圣？
Story/D_0_5_034,是老夫来着。
Story/D_0_5_035,是万里前辈！
Story/D_0_5_036,正是老夫，小子别来无恙啊？
Story/D_0_5_037,是昔日达摩院首座，六道峡一役后还俗，人称鹰侠的万里前辈？
Story/D_0_5_038,嗯－－！你看起来不像武林人，年纪又不轻，却唤我前辈，真古怪。
Story/D_0_5_039,这……我确是年过而立才拜师，比同辈都老了一截，但论位份，合该称您一声前辈。
Story/D_0_5_040,好，有礼貌，我也欣赏你。\n不过今日我不是来找你的，退一边去。\n武林盟还派了一群虾兵蟹将来，你且领弟子去山门堵着，别让他们碍事。
Story/D_0_5_041,这……。
Story/D_0_5_042,无妨，三师兄，让我来吧。
Story/D_0_5_043,好吧。
Story/D_0_5_044,我今日来意，想必你也清楚。\n咱俩先前有一架没打完，再不分个高低，你就没机会啦。
Story/D_0_5_045,我以为可以和前辈化敌为友呢。
Story/D_0_5_046,是敌是友都无所谓，这一次我可不留手了，接招！
Story/D_0_5_1_001,嗯，不错，说是进境神速也不为过。\n想必别来时光，你另有奇遇吧？
Story/D_0_5_1_002,不过也仅此如此了，不得不说，老夫稍微有点失望啊。
Story/D_0_5_1_003,是老夫杞人忧天了，你和瑞笙小友还差得远去了。
Story/T_0_5_1_001,瑞笙，是小师妹的夫君吧。
Story/D_0_5_1_004,不过如此一来也算了却了一桩心愿，\n与小子你这便是最后一面了，老夫去也。
Story/D_0_5_1_005,承让了，前辈。
Story/D_0_5_1_006,哈哈，不得不服老啊。\n你底子没我硬，却深谙攻守进退之道，你的确是武功高强。
Story/D_0_5_1_007,倘若让你活久一点，进境再深厚几层，说不定还能与瑞笙小友分庭抗礼。
Story/T_0_5_1_002,瑞笙，是小师妹的夫君吧。
Story/D_0_5_1_008,怪就怪老夫偏心吧，你虽险胜一筹，却已耗尽元气。\n无论如何是无法生离此处了，天下再也无人可以威胁瑞笙小友。\n抱歉啦，小子，你今日便死在这里吧。
Story/D_0_5_1_009,……你们真的很偏心呢，所有人都是这样。
Story/D_0_5_1_010,怎么怨恨都可以，去阎王御前告状也行，老夫去也。
Story/N_0_6_001,在那之后，武林盟下六大派弟子络绎不绝涌入山门，\n高喊剿灭魔教、框扶人间正义的口号，围杀唐门弟子。
Story/D_0_6_001,呼……呼……。
Story/D_0_6_002,别慌，这家伙伤势极重，眼看就快死了。
Story/D_0_6_003,唉，你这人虽然面目丑恶，却非恶人。\n只可惜入了魔教，为虎作伥，使我等正道侠士不得不痛下杀手。\n今日杀你，非吾所愿，愿你来世别再误入歧途了。
Story/D_0_6_004,呼……呵，哈哈，哈哈哈！
Story/D_0_6_005,说我为虎做伥，你们又何尝不是争名逐利，\n是非不分，还好意思自命侠士，依我看，你们武林盟和泥教不过半斤八两。
Story/D_0_6_006,你这十恶不赦的魔教恶徒，今日便是你恶贯满盈之日，\n快快纳命来吧。
Story/D_0_6_007,哈，少废话了，有种过来啊！\n老子是快死了没错，咽气以前还有余力能宰你两个废物。
Story/N_0_6_002,受你魄力所慑，两名正道侠士不由自主退去。
Story/D_0_6_008,差不多是时候了，咱们一拥而上，\n让唐门最后一滴血流尽了吧！
Story/D_0_6_009,刀下留人！
Story/D_0_6_010,飞石帮，石公远在此！\n谁想动唐门中人，要先问过我！
Story/D_0_6_011,石帮主？你、你这是干什么？\n事到如今你想干甚么？
Story/D_0_6_012,啊，我知道了，你想亲手解决这厮，\n以报当时夺妻之恨，对吧？\n行啊，这丑人就交你对付了。
Story/D_0_6_013,小子，我来了。\n我一得知消息，立马率众来驰援，没想到还是晚了。\n实在对不住你们。
Story/D_0_6_014,石帮主，你……。
Story/D_0_6_015,我夫人已经回家了，她让我来的。\n我石某人今日誓与唐门共存亡，为你们报仇。
Story/D_0_6_016,唐门已经灭亡了，无须再搭上飞石帮的性命。\n你夫人好不容易回家，你该好好地回去团聚。
Story/D_0_6_017,……好，那就听你的。\n你还有什么遗言吗？
Story/D_0_6_018,替我……照顾好老掌门，还有小师妹就好了。
Story/D_0_6_019,一定办到。
Story/D_0_6_020,飞石帮的听令，护卫唐门大侠，\n谁敢靠近，拿石头扔他！
Story/D_0_6_021,"{punch=0.1,1}{size=50}谨遵帮主号令，护卫唐门大侠！{/size}"
Story/T_0_6_001,这笨蛋，都叫他不要无谓送死了。
Story/N_0_6_003,多亏飞石帮的护持，你的最后一程走得并不屈辱，\n无人可以进犯，你环顾四周，再望一眼家园，心中无限唏嘘。
Story/D_0_6_022,差不多是时候了，咱们一拥而上，\n让唐门最后一滴血流尽了吧！
Story/D_0_6_023,后边……后边出事了！\n大伙，快……快来后面帮忙！
Story/D_0_6_024,什么？唐门的人应该都在这里了啊。\n他们竟还有余力设伏包围我们吗！
Story/D_0_6_025,不是包围，后面只有一个人！
Story/D_0_6_026,只有一个人？一个人你们还拾掇不下来吗！\n到底是何方神圣，你倒是说说。
Story/D_0_6_027,来者是点苍剑鬼，狂剑客叶云舟啊！\n他一人一剑，所向披靡，连横路死尸都比活人更碍他脚步呀！
Story/D_0_6_028,倒了十几二十人，无人敢再近身。\n丐帮弟子装死偷袭，才在他背上划出一道血痕，\n要不我真怀疑他是鬼不是人！
Story/D_0_6_029,叶云舟？！岂、岂有此理，不要慌！\n那狂剑客既然会流血，终有力竭之时，何须怕他！
Story/D_0_6_030,我是怕这唐门余孽跑了，才坐镇在此！\n你们不要慌，人海战术，围死他！
Story/T_0_6_002,哈──叶兄，你也来了。
Story/T_0_6_003,那夜江中轻舟水酒，云裳也在身侧。\n我们三人终于又能聚在一块了。
Story/N_0_6_004,随着越来越多人涌入唐门，天上落下斗大雨滴，洗刷满地血污。
Story/T_0_6_004,我这是，就快要死了吧。
Story/N_0_6_005,几代盛名传遍神州，偌大唐门的最后一人，屹立于滂沱大雨之中。
Story/T_0_6_005,我这么胆小，还是挺到了最后。\n以我来说，算是做得不错了吧。
Story/T_0_6_006,嘿，能作万人敌，就我而言也不算太冤吧。
Story/N_0_6_006,斗志与仅存力气都被雨洗去，某个人无可救药的故事正在落幕。
Story/D_0_6_031,好多事都错了，啊啊，令人不甘……。\n为什么事情会变这么坏呢？\n事到如今，一切都晚了，再也没有意义了。
Story/D_0_6_032,最后的最后，真想再见你一面。
Story/D_0_6_033,小师妹……。
Story/D_0_6_034,杏儿……。
Story/D_0_6_035,云裳……。
Story/D_0_6_036,小梅……。
Story/N_0_6_007,剧终
Story/N_0_6_008,－原始鸟熊 Present－
Story/D_0_6_037,呃啊！
Story/D_0_6_038,醒了！
Story/D_0_6_039,这里是……弟子房？武林盟那群人呢？
Story/D_0_6_040,武林盟是啥？
Story/D_0_6_041,三师兄，你开什么玩笑，武林盟就是－－。
Story/D_0_6_042,……？
Story/D_0_6_043,我什么也不记得了！我、我在哪？我是谁？
Story/D_0_6_044,莫非是传说中的失魂症吗？\n师弟，你名叫赵活，唐门外姓弟子，记得吗？\n昨日正心堂大会，掌门宣布想将衣钵传予大师兄，之后你便晕倒了。
Story/D_0_6_045,那不是两年前的事情吗？
Story/D_0_6_046,你的时间过得可真快。
Story/D_0_6_047,总之没事就好，我手边还有点事，这就得走了。\n师弟你且在此好生将养着吧。
Story/D_0_6_048,……是梦吗？这两年间我所见过的景色，全是南柯一梦。
Story/N_0_6_009,你怔然半晌，恍若隔世。
Story/D_0_6_049,我不知梦见的究竟是谁的人生，但我自有我的旅程。\n此际，我仍在什么都还来得及的时代。
Story/N_0_6_010,某个人的故事结束了。
Story/N_0_6_011,你的故事，现在才将要开始。
Story/O_0_Meet_Option_001,退席
Story/D_0_Meet_Option_001,没别的事，大家就散了吧。
Story/D_0_Meet_Option_002,就是说啊，把握剩余时光，爱干啥干啥吧。
Story/O_0_Meet_Option_002,干脆真的去投靠魔教
Story/O_0_Meet_Option_003,反客为主攻击飞石帮
Story/O_0_Meet_Option_004,总之去给飞石帮送礼物道歉吧
Story/O_0_Meet_Option_005,段考
Story/O_0_Meet_Option_006,决战菜市场
Story/D_0_Meet_Option_02_001,你不是认真的吧？
Story/D_0_Meet_Option_02_002,万万不可如此。
Story/D_0_Meet_Option_02_003,我当然是开玩笑的。\n不过嘛，在我看来，武林盟这群人跟泥教也不过半斤八两。
Story/D_0_Meet_Option_02_004,啊，嗯，其实魔教也不怎么坏，就是他们教义听起来有点儿令人毛骨悚然。\n实际上我跑商时偶尔会碰到魔教中人为乡人治病，换取柴米油盐之类的东西。
Story/D_0_Meet_Option_02_005,不，你看看那声名狼藉的六道法王，要多坏有多坏。\n每一个都是绝世魔头，竟然还有六个。
Story/T_0_Meet_Option_02_001,从《历战血书》中可窥见修罗道法王的前半生。\n单论手下亡魂，确是杀人如麻，一笔一划都是人命，\n但那却是在两国交征的战场之上。
Story/T_0_Meet_Option_02_002,由此看，修罗王非但不是恶人，甚至可以说是我大宋的护国神将。
Story/O_0_Meet_Option_02_001,想必别人也听说过绝世魔头唐升(三师兄)杀人如麻。
Story/D_0_Meet_Option_02_006,我、我怎么是魔头了？这话可不能乱说！
Story/D_0_Meet_Option_02_007,我曾听人说过三师兄专门绑架六旬以上的阿婆，\n关在房里，合修旧魔教遗传的邪恶魔功，害人家梅开二度。
Story/D_0_Meet_Option_02_008,太冤枉了！我唐升一生遵循圣贤之道，\n发乎情止乎礼，从未踰矩，怎么会有这种荒谬传言的！\n何况是六旬老妪！
Story/D_0_Meet_Option_02_009,我也不知道，江湖传闻，偶尔失真也是有的，说不定六道法王其实人也挺不错的。
Story/D_0_Meet_Option_02_010,……。
Story/D_0_Meet_Option_02_011,有道理，师弟见识不凡。\n枉我死读圣贤书，却人云亦云，作师兄的自叹弗如。
Story/D_0_Meet_Option_02_012,师兄别太认真，这家伙就是耍嘴皮子损人为乐而已啦。
Story/O_0_Meet_Option_02_002,此六魔恶名之盛，想必也不会是空穴来风。
Story/D_0_Meet_Option_02_013,我是没亲眼见过。\n不过光论那地狱道、饿鬼道两位法王，八成不会是什么好人了。
Story/D_0_Meet_Option_02_014,地狱道法王赵逵神出鬼没，四处私刑杀人，黑白两道都遭殃。\n又会跳大神，鬼气森森的，泥教名声那么臭，确与此人拖不了干系。
Story/D_0_Meet_Option_02_015,还有饿鬼道法王刘颚……私拥白鲨帮，霸占海路，还在海上击退过官兵。\n无疑是继前朝梁山泊之后，最被朝廷忌讳的江湖人物。
Story/D_0_Meet_Option_02_016,连魔教教主的悬赏金额都没此人高。
Story/D_0_Meet_Option_02_017,说起来……
Story/O_0_Meet_Option_02_003,其实我认识那个刘颚。
Story/D_0_Meet_Option_02_018,其实我和饿鬼道法王刘颚见过面，是个比想象中年轻的不羁青年。\n浑不似传闻那般三头六臂，也挺好相处的。
Story/D_0_Meet_Option_02_019,意思是说，他其实没那么坏吗？
Story/D_0_Meet_Option_02_020,不是，他确实很坏。\n他袭击了嵩山派福建分院，用木棍殴打住持，强迫住持在街上裸奔，\n让同伙切鱼鲙放他胴体上喂狗吃，当天住持就心灵受创引退了。
Story/D_0_Meet_Option_02_021,他为什么对大师做这种丧尽天良的事！
Story/D_0_Meet_Option_02_022,我也不知道。
Story/D_0_Meet_Option_02_023,真是个十恶不赦的魔头。\n幸亏你没跟他起冲突。
Story/D_0_Meet_Option_02_024,就是说啊。
Story/T_0_Meet_Option_02_003,说起来，刘兄叫我帮忙切鱼鲙的时候，那柄切鱼刀没收回去呢。\n我记得挺锋利的，不妨找出来用吧。
Story/O_0_Meet_Option_02_004,我也被通缉了呢。
Story/D_0_Meet_Option_02_025,啊～你说那件事啊。
Story/D_0_Meet_Option_02_026,哪件？
Story/D_0_Meet_Option_02_027,对，就是那件事。
Story/D_0_Meet_Option_02_028,真的很可怕呢，难为你了。
Story/D_0_Meet_Option_02_029,你们在说什么，师弟你被通缉的话，我岂会不知？
Story/D_0_Meet_Option_02_030,劝你别问了，三师兄，等下会看到很毒的东西。
Story/D_0_Meet_Option_02_031,不行啊，我忝为代掌门，这种事怎么能够不明不白的？
Story/D_0_Meet_Option_02_032,你一定要问？
Story/D_0_Meet_Option_02_033,这是自然，本门之中竟然有朝廷钦犯！
Story/D_0_Meet_Option_02_034,冷静点，刀子先收起来，师兄。\n师弟不是被我大宋朝廷通缉，而是被大蒙古国的成吉思汗通缉啊。
Story/D_0_Meet_Option_02_035,成、成吉思汗？你到底做了甚么事，连蒙古人都想杀你？
Story/D_0_Meet_Option_02_036,你也知道，之前我不是跟全真教的丘真人去了一趟大漠吗？
Story/D_0_Meet_Option_02_037,成吉思汗想要知道长生不死的方法，\n召了我、丘真人，还有传说中的杏花仙人一齐入大帐，各自说法。
Story/D_0_Meet_Option_02_038,杏花仙……？\n南阳杏花林中，那位只要诚心祷告，就会以锦囊为人指点迷津的仙人吗！\n原来是真有其人？真亏成吉思汗能请出了这样一位人物。
Story/D_0_Meet_Option_02_039,丘真人也是活神仙一般的人物。\n那一行，偏就咱们师弟一个俗物混在里边，特别奇怪。
Story/D_0_Meet_Option_02_040,我会被大汗通缉，都是这位杏花仙害的。
Story/D_0_Meet_Option_02_041,这……那位德高望重的前辈，与你无冤无仇，无端怎会害你？
Story/D_0_Meet_Option_02_042,大·错·特·错。
Story/D_0_Meet_Option_02_043,……。
Story/D_0_Meet_Option_02_044,你看吧，很伤眼睛的毒物出现了。\n师兄，这可是你自找的。
Story/D_0_Meet_Option_02_045,我话里哪里不对，还望师弟见示。
Story/D_0_Meet_Option_02_046,你错的是，那位杏花仙不是前辈，而是一位容色倾城的妙龄少女啊！
Story/D_0_Meet_Option_02_047,少女？
Story/D_0_Meet_Option_02_048,正是，那是任谁一见真容都会瞬间沦陷的绝色美人。\n即令是我这样对小师妹死心塌地的人，也为她心旌摇撼。\n虽然不想承认，但我不由自主的见异思迁了。
Story/D_0_Meet_Option_02_049,真亏你可以把这种不要脸的事，像说别人的事一般讲得如此理直气壮。\n不过嘛，考虑到小师妹已嫁为人妇，你移情别恋似乎还比较道德一点。\n好过把别人的妻子时时挂念在心上。
Story/D_0_Meet_Option_02_050,四师兄，无论怎么说，你这话还是挺伤我的。
Story/D_0_Meet_Option_02_051,丘真人一言止杀，谏大汗应休干戈，养功德；\n杏儿则劝大汗要顺应天命，在有生之年大刀阔斧，\n征八荒以建千古功业，平四海以定万世安生。
Story/D_0_Meet_Option_02_052,这……这位杏花仙，杀气忒也重了吧。\n莫非你是为天下苍生喉舌，出言弹劾了这位杏花仙，才受恼恨？
Story/D_0_Meet_Option_02_053,正是如此，如果可以，我也不想拂逆她的心意。\n但冷看兵燹以害天下苍生，终究于心不忍。
Story/D_0_Meet_Option_02_054,师弟，你敢舍身力谏，救万民于水火，无愧一个侠字。\n愚兄好生佩服你。
Story/D_0_Meet_Option_02_055,那可不是，你也知道咱们师弟嘴功了得，\n本来成吉思汗听得雄心万丈，给咱们师弟当头泼冷水，\n那还不气得当场下令宰了他。
Story/D_0_Meet_Option_02_056,是这样吗？我之前不是听你说，\n你支支吾吾半天也讲不出个所以然吗？
Story/D_0_Meet_Option_02_057,我是拙于口才，可不是怕了哦？\n我虽然说不出大道理，但是我有明确跟大王说：\n『你都快死了，不要打仗比较好，可能打不完』喔！
Story/D_0_Meet_Option_02_058,难怪你会被下令追杀！哪有你这么说话的！
Story/D_0_Meet_Option_02_059,不是，我被通缉的原因是轮到我发言的时候……
Story/D_0_Meet_Option_02_060,我就在杏儿后面情不自禁露出了这种表情。
Story/D_0_Meet_Option_02_061,于是就被通缉了，要不是丘真人说情，我肯定连大帐都出不去。
Story/D_0_Meet_Option_02_062,……唉，我很不想这么说，不过师弟你确是本门之耻。\n与你为伍，是我交友不慎。
Story/O_0_Meet_Option_02_005,听说那个被通缉的狂剑客就在蜀中活动。
Story/D_0_Meet_Option_02_063,听说从前那位点苍派的弃徒，最近被目击在蜀中活动的样子。
Story/D_0_Meet_Option_02_064,真的？听说他一看到武林中人，拔剑就斩。\n偏生剑法快得出奇，连他业师也死于剑下，至今没人能捉到他。
Story/D_0_Meet_Option_02_065,这样我跑商在外岂不是很危险吗？\n武林盟不去捉这种疯子，跑来整我们干嘛！
Story/D_0_Meet_Option_02_066,这……你出门在外，凡事小心点吧。
Story/D_0_Meet_Option_02_067,我可以带护卫下山吗？
Story/D_0_Meet_Option_02_068,别，四师兄，我说真的，我加你也不是人家对手。\n你自己去死就好，不要拖我下水。
Story/T_0_Meet_Option_02_004,叶兄……你真的已经疯魔了吗？
Story/D_0_Meet_Option_02_069,关于魔教的话题就到此为止吧。\n无论如何，本门是不肯坐实这污名的，切莫忘了掌门师父的教诲。
Story/D_0_Meet_Option_02_070,是啊，我不过说说，咱师兄弟闲聊罢了。
Story/D_0_Meet_Option_02_071,魔教罪不容诛也好，其情可悯也好，唐门都没有丝毫托庇于人的念头。
Story/D_0_Meet_Option_02_072,别忘了还有二师兄投靠魔教、毒害掌门那碴呢。
Story/D_0_Meet_Option_02_073,这笔深仇，我无一日或忘。
Story/D_0_Meet_Option_02_074,自掌门中毒卧床，二师兄便再也不在江湖走动了。\n我们若想报仇，恐怕不攻上六道峡是不行了。
Story/D_0_Meet_Option_02_075,此生雪恨无望，可是善恶终将有报。\n来日我下黄泉，定当奏明阎罗王，好教牛头马面去勾他魂魄。
Story/T_0_Meet_Option_02_005,三师兄知书达礼，从来也没见过他这般咬牙切齿的模样。\n可见他恨二师兄实在恨得狠了。
Story/D_0_Meet_Option_03_01_001,有了，我们反客为主，在被飞石帮打之前，先去打爆他们。
Story/D_0_Meet_Option_03_01_002,何出此言？当此之际，理应休养生息，以备武林盟围剿才对。
Story/D_0_Meet_Option_03_01_003,『被围剿』这件事根本无需准备吧，反正是死定了。
Story/D_0_Meet_Option_03_01_004,这……说得有理。
Story/D_0_Meet_Option_03_01_005,以前大师兄还在的时候，也经常说应该要适时敲打一下飞石帮，\n否则他们长大长歪就不得了了。
Story/D_0_Meet_Option_03_01_006,当时我还觉得这人在说什么鬼话。\n放现在看来，大师兄确有先见之明。
Story/D_0_Meet_Option_03_01_007,然则他们人多，难免良莠不齐，真正武功高强的只有帮主石公远一人。\n我们率领菁英骚扰他们的分舵，肯定所向披靡。
Story/D_0_Meet_Option_03_01_008,我们先杀他个措手不及，挫挫飞石帮锐气。\n好叫那些帮众不敢再小觑我唐门中人。
Story/D_0_Meet_Option_03_01_009,这样不会反而激怒他们帮主石公远吗？\n要是他们一怒之下率众攻上山怎么办？
Story/D_0_Meet_Option_03_01_010,那又何妨，反正到头是死路一条。\n还不如痛痛快快大闹一番再死。\n别让人以为咱们只会坐以待毙。
Story/D_0_Meet_Option_03_01_011,我料定他们不敢。\n他们若敢不奉武林盟号令，擅自向本门出手，\n到头来不免得罪当今武林盟主，下一个倒霉的就是飞石帮了。
Story/D_0_Meet_Option_03_01_012,不能只有我死，我即便要死，也要拖仇家下水。
Story/D_0_Meet_Option_03_01_013,好卑鄙的手段。
Story/D_0_Meet_Option_03_01_014,我喜欢。
Story/D_0_Meet_Option_03_01_015,你们两个……唉，唐门名声危矣。
Story/D_0_Meet_Option_03_01_016,啊，不过我虽然会参战，但不会出手喔。
Story/D_0_Meet_Option_03_01_017,为何？有你出手岂非胜券在握？
Story/D_0_Meet_Option_03_01_018,不仅如此，我还会东躲西藏，丑态毕露，令师弟妹们失望。\n最多护住他们一条小命，也就是了。
Story/D_0_Meet_Option_03_01_019,这是为何？
Story/D_0_Meet_Option_03_01_020,师弟妹们入门时日尚浅，不觉得让他们一起赴死，很是可惜吗？\n一旦被飞石帮打伤，来日武林盟杀至，大家想送死也没那么容易了吧。
Story/D_0_Meet_Option_03_01_021,不跟人拚命，就不会没命。\n武林盟那群所谓大侠，最忌天下人悠悠之口，自重名声，\n对手伤势越重，他们下手越能容情，不会轻易取人性命。
Story/D_0_Meet_Option_03_01_022,！！
Story/D_0_Meet_Option_03_01_023,！！
Story/D_0_Meet_Option_03_01_024,师弟，你确是宅心仁厚的好人。
Story/D_0_Meet_Option_03_01_025,没这回事，我是坏人这件事，我有自知之明，只是比较照顾自己人罢了。
Story/D_0_Meet_Option_03_01_026,嘿，有点侠气了吧。
Story/D_0_Meet_Option_03_01_027,不愧是人称丑侠的奇男子。
Story/D_0_Meet_Option_03_01_028,不要提那个外号好吗？太难听了吧。
Story/T_0_Meet_Option_03_01_001,虽说不出手，要是逮到机会和飞石帮主独处的话，试着干掉他好了。
Story/D_0_Meet_Option_03_01_029,好，那就依你建言，去飞石帮分舵捣蛋吧。
Story/N_0_Meet_Option_03_01_001,于是你率众对飞石帮分舵发动了猝不及防猛袭。
Story/T_0_Meet_Option_03_01_002,大师兄，你看到了吗？我带人来砸你仇家场子了。
Story/D_0_Meet_Option_03_02_001,也只能这样了。\n再怎么说，和飞石帮那梁子，起初便是咱们理亏。\n这一回师弟也确实太冲动了。
Story/D_0_Meet_Option_03_02_002,唔嗯，有大师兄拐跑了人家帮主夫人那碴，\n本门弟子只怕永远也无法在飞石帮众面前抬头。
Story/D_0_Meet_Option_03_02_003,别说了，逝者为大。\n既是同门，大师兄这债就得着落在我们头上偿还。
Story/D_0_Meet_Option_03_02_004,我这便修书一封，交门下弟子送交飞石帮，表达歉意。
Story/N_0_Meet_Option_03_02_001,不久之后，飞石帮来信，改邀唐门代表前去当地酒楼一会。
Story/D_0_Meet_Option_03_02_005,这不是唐门几位大侠吗？让咱们帮主等你们，架子挺大。
Story/D_0_Meet_Option_03_02_006,我们应该没有迟到才对，此刻离约会之时还有一个多时辰啊。
Story/D_0_Meet_Option_03_02_007,你若有诚意道歉，就该打从清晨便来店家门前候着才对。\n哪有作东道的人比客人还迟的道理？
Story/T_0_Meet_Option_03_02_001,喧宾夺主，飞石帮主是刻意要令我们难堪吧。
Story/D_0_Meet_Option_03_02_008,本门有意和谈，倒不是怕了你们这群乌合之众。\n你这话若是代表你帮主说的，那也不用谈了，即刻亮刀子吧！
Story/D_0_Meet_Option_03_02_009,哦……我、我也就是说说……大侠、别放心上。\n帮、帮主他老人家……在楼上，请二位大侠移步楼上请。
Story/D_0_Meet_Option_03_02_010,哇塞，师弟你好有魄力。
Story/D_0_Meet_Option_03_02_011,我虚张声势罢了，这种家伙狐假虎威，最怕有人凶。\n要他真有胆识动武，我却又不肯打了。
Story/D_0_Meet_Option_03_02_012,嗯，小兄所言在理，下回改进。\n打清晨来等是不太靠谱，早二、三个时辰却是较有礼数。
Story/D_0_Meet_Option_03_02_013,知道就好，跟我来，帮主在二楼等你们了，可别想跑。
Story/D_0_Meet_Option_03_02_014,气，如今连这等狐假虎威的小喽啰也敢这么嚣张。
Story/D_0_Meet_Option_03_02_015,也不是如今的事，飞石帮众一向搞不清楚状况。\n从前还是小帮派的时候就敢挑战大师兄，你还期望他们多有分寸。\n小不忍则乱大谋，忍忍吧四师兄。
Story/D_0_Meet_Option_03_02_016,哼。
Story/D_0_Meet_Option_03_02_017,唐门老四，唐惟元见过石帮主。
Story/D_0_Meet_Option_03_02_018,唐门赵活，见过石帮主。
Story/D_0_Meet_Option_03_02_019,二位大侠请坐，来人，上酒。
Story/D_0_Meet_Option_03_02_020,却之不恭，如此多谢了。
Story/N_0_Meet_Option_03_02_002,你等二人便依宾主之礼就席。
Story/D_0_Meet_Option_03_02_021,今日前来，不为别的，是本门设席作东道，\n请石帮主前来一叙，以企冰释前嫌。
Story/D_0_Meet_Option_03_02_022,不料石帮主竟来得比我们还早，倒显得咱们失礼了，汗颜、汗颜。
Story/D_0_Meet_Option_03_02_023,哼，老子不爱客套话，和你们也不是有必要讲客套话的关系。\n用不着再绕弯子反怪我早到。
Story/D_0_Meet_Option_03_02_024,话说在前头，我倒不是刻意给你们难堪，\n有些话我早想讲开，这才心急如焚，提早到场，你们没必要在意。
Story/T_0_Meet_Option_03_02_002,这位石帮主讲话虽然粗鲁直白，却似没什么心机。
Story/D_0_Meet_Option_03_02_025,好极，在那之前，奉本门掌门之命，\n给帮主捎了些薄礼，还请笑纳。
Story/O_0_Meet_Option_03_02_001,大师兄珍藏的葡萄酒
Story/D_0_Meet_Option_03_02_026,这是本门硕果仅存最后一坛佳酿，其珍堪比貂裘。\n如今将此酒赠与帮主，以示我等求和心诚。
Story/T_0_Meet_Option_03_02_003,大师兄，既是你捅出的娄子，可别怪我们拿了你的酒送人。\n反正你也喝不到了，泉下有知也别怨我们。
Story/D_0_Meet_Option_03_02_027,唔，嗯，似乎是好酒。\n好，我便收下了，替我多谢你们掌门。
Story/D_0_Meet_Option_03_02_028,此前你伤我帮众的过节可以揭过，但陈年旧事却仍不得不提。\n两件事不同，不能混在一起讲。
Story/O_0_Meet_Option_03_02_002,铁铸飞蝗造型石
Story/D_0_Meet_Option_03_02_029,江湖盛传帮主善使《掷石问天》的暗器手法，\n特此打造一只精巧的机巧飞蝗赠与帮主，以示心诚。
Story/T_0_Meet_Option_03_02_004,为了打造这只机关飞蝗，弄得我两天两夜都窝在锻冶场没睡。
Story/D_0_Meet_Option_03_02_030,唐门巧匠果然厉害，不过这玩具给小孩姑娘家玩还可以，\n我粗鲁人，用不上，就怕一上手就捏烂，你们自己留着吧，我心领了。
Story/D_0_Meet_Option_03_02_031,这……。
Story/D_0_Meet_Option_03_02_032,比起这玩具，还不如速速切入正题。
Story/D_0_Meet_Option_03_02_033,好吧。
Story/D_0_Meet_Option_03_02_034,{size=24}师弟，你先将机巧飞蝗收起来。{/size}
Story/D_0_Meet_Option_03_02_035,{size=24}我熬夜打造的机巧飞蝗，被说成玩具，岂有此理。{/size}
Story/D_0_Meet_Option_03_02_036,{size=24}可它真的就是玩具嘛，都怪你的馊主意。{/size}
Story/O_0_Meet_Option_03_02_003,灵丹妙药
Story/D_0_Meet_Option_03_02_037,本门炼丹房，最近新炼得活龙丹三枚，\n服之可提神醒脑，壮健体魄，最是补益。\n今将灵丹赠与帮主，以示本门求和心诚。
Story/D_0_Meet_Option_03_02_038,免了，我不妨说白了，我这人虽然不聪明，\n可也没笨到会吃你们拿来的东西，谁知是毒是药？
Story/D_0_Meet_Option_03_02_039,我不怕告诉你们，之所以提早到酒楼，就是派人盯着各处，\n提防你们下毒害人。
Story/D_0_Meet_Option_03_02_040,这……帮主，你这不是怪错好人了吗？
Story/D_0_Meet_Option_03_02_041,{size=24}帮主，你不妨现场令他们吞服丹药，\n若是毒药，他们想必不敢。{/size}
Story/D_0_Meet_Option_03_02_042,有理，喂，你们二位，既然拿来了药，便在这里吃了吧。
Story/D_0_Meet_Option_03_02_043,咦？我们吗？这样不好吧，这药多珍贵。
Story/D_0_Meet_Option_03_02_044,少啰嗦，你不吃，就代表有毒！
Story/D_0_Meet_Option_03_02_045,那好吧，师弟，我们一人一粒。
Story/D_0_Meet_Option_03_02_046,好耶，多谢帮主惠赐。
Story/N_0_Meet_Option_03_02_003,你和四师兄当即服下活龙丹，潜运内功化纳药力。
Story/N_0_Meet_Option_03_02_004,你和四师兄都变得更强壮了。
Story/D_0_Meet_Option_03_02_047,爽啦！
Story/D_0_Meet_Option_03_02_048,帮主，看来那药真是灵丹。
Story/D_0_Meet_Option_03_02_049,就算是这样，我也不吃他们拿来的东西，这一粒你拿去吃。
Story/D_0_Meet_Option_03_02_050,当真？多谢帮主赏赐！
Story/N_0_Meet_Option_03_02_005,该帮众急忙服下丹药，找地方盘坐化纳去了。
Story/O_0_Meet_Option_03_02_004,金铤
Story/D_0_Meet_Option_03_02_051,前日纷争，实为唐门过失，\n为表心诚，遂斥巨资打造了这一锭金铤赠与帮主。\n还请帮主笑纳。
Story/T_0_Meet_Option_03_02_005,为了打这锭金铤，甚至还征用了我的零用钱。
Story/N_0_Meet_Option_03_02_006,石公远将金铤拿在掌中掂了掂。
Story/D_0_Meet_Option_03_02_052,哼，倒是十足真金。\n昔日唐门好大威风，今日就连打一锭金铤也称之为『巨资』？\n未免寒酸了吧。
Story/D_0_Meet_Option_03_02_053,汗颜，给帮主见笑了。
Story/D_0_Meet_Option_03_02_054,既是如此，我便收下了。\n来人，把这金铤拿去剪了，分给众兄弟喝茶。
Story/D_0_Meet_Option_03_02_055,多谢帮主赏赐！
Story/T_0_Meet_Option_03_02_006,他这是有意要炫耀出手阔绰，\n可也足见这一锭金铤，在他眼里算不得什么珍贵之物。
Story/D_0_Meet_Option_03_02_056,闲话就到此为止，进入正题吧。
Story/D_0_Meet_Option_03_02_057,石帮主请说。
Story/D_0_Meet_Option_03_02_058,你唐门从前有个狗贼，名叫唐布衣对吧。
Story/D_0_Meet_Option_03_02_059,……本门大师兄，和石帮主的恩怨，我们也小有耳闻。
Story/D_0_Meet_Option_03_02_060,石帮主，我大师兄在生时为人仗义，绝非狗贼，\n况且逝者为大，无论石帮主与大师兄有何过节，还请务必留几分薄面。
Story/D_0_Meet_Option_03_02_061,他干得出丑事，我便说不得吗？
Story/D_0_Meet_Option_03_02_062,这臭贼死了，尚且不能解我心头之恨。\n今日想你们谈的，就是这件事。
Story/D_0_Meet_Option_03_02_063,那厮拐走了我娘子，所以我打死了他，\n我娘子回来了，又生气去削发为尼当甚么尼姑，还说永世不与我见面。\n连话也不跟我说，他娘的这是为啥子？
Story/D_0_Meet_Option_03_02_064,呃……帮主这是在问我们吗？
Story/D_0_Meet_Option_03_02_065,说问也可以，说不是也可以，反正我就是没办法解决。\n你们难道不用想办法负责吗？还不都那狗贼来勾引我娘子！
Story/D_0_Meet_Option_03_02_066,{size=24}师弟，怎办？\n石帮主这根本不是想商量事情，只是想撒气而已吧。{/size}
Story/T_0_Meet_Option_03_02_007,大师兄去得仓促，什么也没来得及解释。
Story/T_0_Meet_Option_03_02_008,虽然不清楚缘由，但是大师兄生前和我交情甚笃，\n若未能替他辩白，我枉自为人了。
Story/T_0_Meet_Option_03_02_009,石帮主人高马大，看起来全身上下全是肌肉组成的，\n我说话可得谨慎点，免得挨打。
Story/D_0_Meet_Option_03_02_067,{size=24}那、那个－－{/size}
Story/D_0_Meet_Option_03_02_068,什么！有话大声点！
Story/D_0_Meet_Option_03_02_069,噫！
Story/T_0_Meet_Option_03_02_010,不……不行，石帮主气魄好强，\n光是在他面前我就喘不过气来，我、我还是不要说话好了。
Story/T_0_Meet_Option_03_02_011,大师兄这家伙真是有够烦，\n生前就已经很爱闹了，去世还留下一堆烂摊子。\n难怪掌门每次提到大师兄就叹气。
Story/T_0_Meet_Option_03_02_012,我跟他又不熟，犯不着帮他说话。
Story/D_0_Meet_Option_03_02_01_001,石帮主，本门大师兄生前，交情最好的人便是我。
Story/D_0_Meet_Option_03_02_01_002,你？你这丑人？
Story/D_0_Meet_Option_03_02_01_003,正是我这丑人。
Story/D_0_Meet_Option_03_02_01_004,哼，你和他臭味相投，也不会是好东西。
Story/D_0_Meet_Option_03_02_01_005,反过来也可以说，若帮主信得过我，也该信得过我大师兄的为人。
Story/D_0_Meet_Option_03_02_01_006,笑话，我又不认识你，为何要信你？
Story/O_0_Meet_Option_03_02_01_001,讲道理
Story/O_0_Meet_Option_03_02_01_002,解锁条件：嘴力>32
Story/D_0_Meet_Option_03_02_01_007,你非得信不可，此事攸关尊夫人的名声。
Story/D_0_Meet_Option_03_02_01_008,大师兄生前曾说，他和尊夫人是清白的友谊关系。\n我大师兄虽然浪荡不羁，但是向来敢做敢当。
Story/D_0_Meet_Option_03_02_01_009,他既然开口说没有，我就信他。\n我敢以声明担保，我大师兄绝计没有冒犯尊夫人。
Story/D_0_Meet_Option_03_02_01_010,还是说，你无论如何也认定尊夫人是不守妇道、人尽可夫之人？
Story/D_0_Meet_Option_03_02_01_011,这……哼，当然不是。
Story/D_0_Meet_Option_03_02_01_012,向来听闻石帮主夫妻鹣鲽情深，\n你不相信我，却该信她吧？
Story/D_0_Meet_Option_03_02_01_013,唔……我当然是想相信她。\n要不是你们大师兄搅局，事情怎么会变这样？\n追根究柢不就是你们不好！
Story/D_0_Meet_Option_03_02_01_014,石帮主，尊夫人仍在生，我大师兄却已离世了。\n你不去挽留活人，却在此追究逝者，是否搞错了什么？
Story/D_0_Meet_Option_03_02_01_015,纵令唐门上下鸡犬不留，你夫人也不会回心转意。\n难道非要尊夫人也离你而去，你才知道后悔莫及吗？
Story/D_0_Meet_Option_03_02_01_016,你、你说的对！一语点醒梦中人！\n那我该怎么办才好？
Story/D_0_Meet_Option_03_02_01_017,你堂堂八尺男儿，向尊夫人认错，你肯吗？
Story/D_0_Meet_Option_03_02_01_018,那有何难，若她肯原谅我，下跪都可以。\n只是……只是就怕帮众耻笑于我，以后我难以统御下属。
Story/D_0_Meet_Option_03_02_01_019,你夫人是出家，你到寺里跪拜礼佛，也不见得丢脸。\n连这点都做不到的话，你还好意思说你爱她？
Story/D_0_Meet_Option_03_02_01_020,妙计，跪佛跪个三天三夜也不为过。
Story/D_0_Meet_Option_03_02_01_021,虽未有幸得见尊夫人，但旁敲侧击，\n不难想知她是一位性情刚烈的奇女子。
Story/D_0_Meet_Option_03_02_01_022,何止，她凶起来简直是河东狮，剽悍的要命。
Story/D_0_Meet_Option_03_02_01_023,那么你纵使跪烂了双脚，只怕她也未必肯搭理你。
Story/D_0_Meet_Option_03_02_01_024,那我该如何是好？
Story/D_0_Meet_Option_03_02_01_025,我有一个妙计，就怕你不肯罢了。
Story/D_0_Meet_Option_03_02_01_026,你快说，我一定肯听。
Story/D_0_Meet_Option_03_02_01_027,你向她说，你要和她齐上唐门拜山，\n到我大师兄坟前拜祭他。
Story/T_0_Meet_Option_03_02_01_001,师弟，你……你可真大胆啊。
Story/D_0_Meet_Option_03_02_01_028,岂有此理，事情全因他而起，你却要我去拜他？
Story/D_0_Meet_Option_03_02_01_029,万一你确是怪错了你夫人呢？\n万一她和我大师兄之间确是清清白白，纯属友谊呢？
Story/D_0_Meet_Option_03_02_01_030,明明是清白的，却因她的缘故，致使丈夫错杀友人，\n那你说，尊夫人愧对朋友，还有脸面苟活吗？\n她出家说不定是为你祷祝减罪呢。
Story/D_0_Meet_Option_03_02_01_031,……。
Story/D_0_Meet_Option_03_02_01_032,……。
Story/T_0_Meet_Option_03_02_01_002,……买定离手了，能说服石帮主吗？
Story/D_0_Meet_Option_03_02_01_033,就照你说的话做吧。
Story/T_0_Meet_Option_03_02_01_003,成功了！
Story/D_0_Meet_Option_03_02_01_034,若我劝得夫人回心转意，便上唐门向你大师兄叩头谢罪。\n如若不然，我就要你为今日花言巧语蒙骗我付出代价。
Story/D_0_Meet_Option_03_02_01_035,悉听尊便。
Story/D_0_Meet_Option_03_02_01_036,这席酒菜我已买单了。\n爱吃不吃随便你们，我先走了。\n喂你们，走了！
Story/N_0_Meet_Option_03_02_01_001,石公远去得好急，楼下帮众亦追随而去。
Story/D_0_Meet_Option_03_02_01_037,他阵仗还真大，要是方才打了起来，你我死无葬身之地。
Story/D_0_Meet_Option_03_02_01_038,如临大敌，怪不得他，我们要是有人也会带人啊。\n就怪咱们人说多也不多，还不如就你我二人赴会显得没有心机。
Story/D_0_Meet_Option_03_02_01_039,师弟，你虽然难看，脑子却很灵光呢。\n口才也好，端的是人不可貌相。
Story/D_0_Meet_Option_03_02_01_040,强装镇定罢了，我愿意牺牲我的口才与头脑换来好看的皮相。
Story/N_0_Meet_Option_03_02_01_002,你以三寸不烂之舌说退师门大敌，胆识惊人。\n飞石帮退去之时，你才发觉自己已浑身被汗浸透。
Story/O_0_Meet_Option_03_02_01_003,男子汉就该用拳头说话
Story/D_0_Meet_Option_03_02_01_041,你自然不信，但你的拳头会信。\n男子汉就该用拳头说话。
Story/D_0_Meet_Option_03_02_01_042,来，打架。
Story/T_0_Meet_Option_03_02_01_004,虽然很怕，但武林中人都信这个道理。\n打完架但教双方不死，往往会心心相惜。
Story/T_0_Meet_Option_03_02_01_005,要让飞石帮主听进我说的话，唯有舍命相陪！
Story/D_0_Meet_Option_03_02_01_043,呵，呵呵哈哈！好你个不怕死的！\n我还怕找不倒借口杀人，想送死便来吧！
Story/D_0_Meet_Option_03_02_02_001,咕哇。
Story/D_0_Meet_Option_03_02_02_002,你小子倒挺耐打，老子好几次想把你内脏揍出来都没得逞。
Story/D_0_Meet_Option_03_02_02_003,我在唐门没少挨打过，抗揍得很。
Story/D_0_Meet_Option_03_02_02_004,你说的没错，拳头会说话。\n我就听听你的说法吧。
Story/D_0_Meet_Option_03_02_02_005,多谢石帮主，那我便不客气了。
Story/D_0_Meet_Option_03_02_02_006,石帮主，我斗胆说一句冒犯你的话。\n经过方才一战，我敢肯定，你并非我大师兄的对手。
Story/D_0_Meet_Option_03_02_02_007,狗屁，那他如何死在我的双拳之下？
Story/D_0_Meet_Option_03_02_02_008,承让了，石帮主。\n但你若不顾忌周围，我未必能胜你。
Story/D_0_Meet_Option_03_02_02_009,哼，你倒坦率，有种的就跟我出去宽阔地方再打过。
Story/D_0_Meet_Option_03_02_02_010,不要，我会有生命危险。
Story/D_0_Meet_Option_03_02_02_011,你知道就好。
Story/D_0_Meet_Option_03_02_02_012,石帮主，我大师兄的武功比我高强得多。\n你知道这是什么意思吗？
Story/D_0_Meet_Option_03_02_02_013,……哼。\n你无非就是想说，我胜你大师兄不是靠实力。
Story/D_0_Meet_Option_03_02_02_014,我大师兄若全力以赴，只怕你便难以取胜。\n你能胜他，只因他在与你决斗之前，便已身受重伤。
Story/D_0_Meet_Option_03_02_02_015,我也不怕大师兄气我说他坏话。\n我大师兄虽然是重视然诺之人，但也爱惜性命。\n以他的个性，无缘无故不会明知必死，依然赴约。
Story/D_0_Meet_Option_03_02_02_016,那为何又来赴约？
Story/D_0_Meet_Option_03_02_02_017,若非你当年盛怒之时，兴师打算强攻本门，他铁定不会抱伤赴约。\n本门虽然积弱，但高手俱在，二师兄更是杀人不眨眼人人闻风丧胆。\n反观当时飞石帮羽翼未丰，两方真打起来还不知鹿死谁手。
Story/D_0_Meet_Option_03_02_02_018,为了他藏匿尊夫人的任性行为，\n无论是死伤本门中人，抑或是杀死了帮主你，\n对他而言都是无法忍受的憾事。
Story/D_0_Meet_Option_03_02_02_019,阻止两方战役；避免杀死你；以死逼得尊夫人愧疚回家。\n我推测，上述这些就是大师兄拚死赴约的原因。
Story/D_0_Meet_Option_03_02_02_020,你说他负伤，证据何在？\n如若没有，那你说这些都是白搭，我不信。\n他分明就是技不如我，给我打了一顿回家一命呜呼而已。
Story/D_0_Meet_Option_03_02_02_021,证据的话……没有，只有我的片面之词。
Story/D_0_Meet_Option_03_02_02_022,证据的话，有。
Story/D_0_Meet_Option_03_02_02_023,唐布衣与你决斗以前，曾与我交手，\n舍身受了我一剑，侧腰，贯通伤，\n纵使唐门有灵丹妙药，此伤非有月余亦不能痊愈。
Story/D_0_Meet_Option_03_02_02_024,龙姑娘！
Story/D_0_Meet_Option_03_02_02_025,你这女娃子又是谁？
Story/D_0_Meet_Option_03_02_02_026,晚辈锦香宫，龙湘，也想斗胆和大名鼎鼎的飞石帮主切磋。
Story/D_0_Meet_Option_03_02_02_027,帮主，不要跟她打比较好，有东西会碎掉的。
Story/D_0_Meet_Option_03_02_02_028,恳请不吝赐教，看招。
Story/D_0_Meet_Option_03_02_02_029,好你个不讲武德的女娃子，让我来教训你。
Story/D_0_Meet_Option_03_02_02_030,帮主既然有意赐教，便请留神了。
Story/N_0_Meet_Option_03_02_02_001,一剑逼得石公远还手之后，龙湘剑势陡然变速，\n霎时酒楼满是刀光剑影，不消片刻，便决出了胜负。
Story/D_0_Meet_Option_03_02_02_031,承让。
Story/D_0_Meet_Option_03_02_02_032,看吧，我就说不要打比较好吧。
Story/D_0_Meet_Option_03_02_02_033,方才一十三招，我若有意杀人，可刺你三十七剑。\n唐布衣和我拆到百余招后，以招……。
Story/D_0_Meet_Option_03_02_02_034,{size=24}以招换招……。{/size}
Story/D_0_Meet_Option_03_02_02_035,宁受我一剑，才斗了个旗鼓相当。\n石帮主，请恕晚辈不敬，依我看，你不是唐布衣的对手。
Story/T_0_Meet_Option_03_02_02_001,方才那迷之羞赧是怎么回事？
Story/D_0_Meet_Option_03_02_02_036,全是女人的锦香宫，原来武功这么高强吗？
Story/D_0_Meet_Option_03_02_02_037,晚辈使的是家传的剑法，不是锦香宫的武功。
Story/D_0_Meet_Option_03_02_02_038,你爹娘是谁？姓龙的高手，该不会……！
Story/D_0_Meet_Option_03_02_02_039,正是，家父是前任武林盟主，大侠龙渊。
Story/D_0_Meet_Option_03_02_02_040,原来如此，哈哈－－！\n那我输得不冤，怪不得你剑法如此凌厉了！
Story/D_0_Meet_Option_03_02_02_041,多谢帮主夸奖，不知晚辈献丑，\n能否为赵兄弟的说词作为左证？
Story/D_0_Meet_Option_03_02_02_042,龙姑娘既然说是真的，那定是真的了。\n那狗贼……那唐大侠负伤宁死也要来赴会，确是豪杰。
Story/D_0_Meet_Option_03_02_02_043,……太复杂了，待我回去想想，再去找我夫人求证。\n若事情属实，我再携夫人齐上唐门，向唐大侠叩头谢罪。
Story/D_0_Meet_Option_03_02_02_044,帮主明辨是非，佩服佩服。\n若查证不实，也欢迎你冬至伙同武林盟，上山来挖我师兄坟墓。
Story/D_0_Meet_Option_03_02_02_045,弟，你说这话不好吧。
Story/D_0_Meet_Option_03_02_02_046,没有不好，若大师兄真的死有余辜，那我们根本受他连累。\n就算帮主不挖他坟，我四师兄也绝对会挖他坟。
Story/D_0_Meet_Option_03_02_02_047,我一定挖，信我。
Story/D_0_Meet_Option_03_02_02_048,既然如此，我就先走了。\n这桌酒席已经买单了，爱吃不吃随你们便。\n喂你们，走了！
Story/N_0_Meet_Option_03_02_02_002,石公远去得好急，楼下帮众亦追随而去。
Story/D_0_Meet_Option_03_02_02_049,他阵仗还真大，要是方才打了起来，你我死无葬身之地。
Story/D_0_Meet_Option_03_02_02_050,如临大敌，怪不得他，我们要是有人也会带人啊。\n就怪咱们人说多也不多，还不如就你我二人赴会显得没有心机。
Story/D_0_Meet_Option_03_02_02_051,人虽然多，但看步法武功都不高，真打起来，我能赢。
Story/D_0_Meet_Option_03_02_02_052,这人真可怕。
Story/D_0_Meet_Option_03_02_02_053,要称赞的话，请不要用这种会让人误会的说法。
Story/D_0_Meet_Option_03_02_02_054,我完全没有要称赞你的意思，你就真的很可怕。
Story/D_0_Meet_Option_03_02_02_055,又来了，好了，坐吧。
Story/D_0_Meet_Option_03_02_02_056,龙姑娘的意思是……？
Story/N_0_Meet_Option_03_02_02_003,龙湘开始大快朵颐。
Story/D_0_Meet_Option_03_02_02_057,唔，因为帮主说他付过账了啊。\n不吃白不吃，而且……而且我来的路上钱包掉了，\n我已经饿了好几餐，是用坚强意志才走到这里的。
Story/D_0_Meet_Option_03_02_02_058,容我斗胆请问一下，你的目的地是哪里？
Story/D_0_Meet_Option_03_02_02_059,唐门的登山小径，只要倒在那附近，\n就会有好心人救我。
Story/D_0_Meet_Option_03_02_02_060,你说的那好心人就是我吧，不要再乱来了！\n我每次捡到你都是运气好出门办事，你这样迟早会没命的！
Story/D_0_Meet_Option_03_02_02_061,我、我知道了啦，不要发那么大火。\n我也没有想要老这样冒冒失失的，\n但是江湖鬼蜮伎俩太多，根本防不胜防嘛。
Story/D_0_Meet_Option_03_02_02_062,湘姊，不如你退出江湖如何？
Story/D_0_Meet_Option_03_02_02_063,那你也退出江湖如何？
Story/D_0_Meet_Option_03_02_02_064,……我是不能离开唐门的。
Story/D_0_Meet_Option_03_02_02_065,那你就不要管我那么多，坐下吃饭。
Story/T_0_Meet_Option_03_02_02_002,这两人原来这么熟的吗？\n我还以为师弟不出户，居然认识这么厉害的人物。
Story/N_0_Meet_Option_03_02_02_004,你和龙湘、四师兄一块将满桌酒菜吃个碗底朝天。
Story/D_0_Meet_Option_03_02_02_066,天下无不散的宴席，弟，湘姊要回锦香宫了。\n你大师兄已不在了，只怕我这一生也不会再来。
Story/D_0_Meet_Option_03_02_02_067,嗯，别再来了。
Story/D_0_Meet_Option_03_02_02_068,你讲话真气人！
Story/D_0_Meet_Option_03_02_02_069,我上路了。
Story/D_0_Meet_Option_03_02_02_070,……后会无期。
Story/N_0_Meet_Option_03_02_02_005,那少女行出街市，将行数里路，独坐树下，摸出包袱里的干粮。\n才赫然发现包袱底下又被锐物割破，奇的是行李竟分毫不少。\n原来里面还有一层难以割破的青色布料，是你的制服。
Story/N_0_Meet_Option_03_02_02_006,包袱里藏着你留的信签，写着：『珍重』二字。
Story/N_0_Meet_Option_03_02_03_001,你默不吭声，任飞石帮主在那儿吹胡子瞪眼。
Story/T_0_Meet_Option_03_02_03_001,别看我，我哪有办法。\n大师兄就真的行为不端啊！
Story/D_0_Meet_Option_03_02_03_001,帮主此言差矣。\n唐布衣侠名远播，果真是如此行为不堪检点之人吗？
Story/D_0_Meet_Option_03_02_03_002,晚辈锦香宫龙湘，见过石帮主。
Story/D_0_Meet_Option_03_02_03_003,今日是我帮和唐门会谈，怎么锦香宫斜刺里戳来？\n莫非是唐门找的帮手？
Story/D_0_Meet_Option_03_02_03_004,不是，不是，本门和这位龙姑娘不熟啊。
Story/D_0_Meet_Option_03_02_03_005,晚辈确是为唐布衣声名而来，至于唐门怎样与我无关。
Story/D_0_Meet_Option_03_02_03_006,龙姑娘，你……。
Story/D_0_Meet_Option_03_02_03_007,你们二位大侠既然无话可说，\n还请挪一点空间给我，我有话要和帮主说。
Story/D_0_Meet_Option_03_02_03_008,哦。
Story/D_0_Meet_Option_03_02_03_009,石帮主，晚辈有一事请教。\n江湖盛传，飞侠唐布衣死于你手，此事可属实？
Story/D_0_Meet_Option_03_02_03_010,哪里有假，给我打完，他回去不久就一命呜呼了。\n你这小姑娘莫非是那兔儿爷的相好，要替他报仇吗？
Story/D_0_Meet_Option_03_02_03_011,正好相反，晚辈和他也是以命相搏的关系。\n曾交过手不分胜负，我将他刺伤不久，便听说他死于帮主之手了。
Story/D_0_Meet_Option_03_02_03_012,岂有此理，你是说我捡了你便宜？
Story/D_0_Meet_Option_03_02_03_013,正是如此。
Story/D_0_Meet_Option_03_02_03_014,你这小女娃！只道你是女子我便不敢打你吗？
Story/D_0_Meet_Option_03_02_03_015,{size=24}师弟，师弟，这位姑娘好猛，巾帼不让须眉。{/size}
Story/T_0_Meet_Option_03_02_03_002,她简直比我们还有男子气概。
Story/D_0_Meet_Option_03_02_03_016,正合我意，还请帮主不吝赐教，败我以正视听。
Story/D_0_Meet_Option_03_02_03_017,哼，我看你是小辈，让你三招，\n别让锦香宫以后有机会说我为老不遵。
Story/D_0_Meet_Option_03_02_03_018,多谢前辈。
Story/N_0_Meet_Option_03_02_03_002,龙湘话不多说，连递三招，石公远一一接下，\n正心想这姑娘气势虽强，武功却不怎样，\n稍微教训打发便好，无须下重手伤她，免得将来又给夫人骂。
Story/N_0_Meet_Option_03_02_03_003,岂料三招一过，龙湘剑势陡然变速，\n霎时酒楼满是刀光剑影，石公远大吃一惊，哪里能防？\n左支右绌接了一十三招，便给剑尖指住咽喉，决出了胜负。
Story/D_0_Meet_Option_03_02_03_019,承让。
Story/D_0_Meet_Option_03_02_03_020,方才一十三招，我若有意杀人，可刺你三十七剑。\n唐布衣和我拆到百余招后，以招……。
Story/D_0_Meet_Option_03_02_03_021,{size=24}以招换招……。{/size}
Story/D_0_Meet_Option_03_02_03_022,宁受我一剑，才斗了个旗鼓相当。\n石帮主，请恕晚辈不敬，依我看，你不是唐布衣的对手。
Story/D_0_Meet_Option_03_02_03_023,既然如此，唐布衣是抱伤也要守信赴约，\n才在我手里伤了性命吗？
Story/D_0_Meet_Option_03_02_03_024,……晚辈告辞了。
Story/D_0_Meet_Option_03_02_03_025,你上哪去？话还没说完。
Story/D_0_Meet_Option_03_02_03_026,说完了，帮主是磊落之人，我相信公道在你心里。
Story/D_0_Meet_Option_03_02_03_027,……你们两个，也滚吧，太复杂了，我要想一下。
Story/D_0_Meet_Option_03_02_03_028,帮主是指我们吗？
Story/N_0_Meet_Option_03_02_03_004,石公远皱紧眉头，浑似没听见你说话一般苦思因果。
Story/D_0_Meet_Option_03_02_03_029,师弟，咱们还是走吧。
Story/D_0_Meet_Option_03_02_03_030,女侠请留步。
Story/D_0_Meet_Option_03_02_03_031,二位大侠有何见教？
Story/D_0_Meet_Option_03_02_03_032,也不是，就是感谢你为我大师兄的名誉挺身而出，\n还有就是想问问你和大师兄的关系。
Story/D_0_Meet_Option_03_02_03_033,用不着谢我，实事求是而已。\n我和他没有关系，我曾以为他是采花贼，冤枉过他，对他有愧。\n如今看来，连你们唐门也不见得比我了解他。
Story/D_0_Meet_Option_03_02_03_034,呃。
Story/D_0_Meet_Option_03_02_03_035,言尽于此，告辞。
Story/D_0_Meet_Option_03_02_03_036,为何大师兄的知己都是美貌女子呢。
Story/D_0_Meet_Option_03_02_03_037,对啊，人生真不公平。\n万一小师妹愿意像这样冲出来挺身维护我，我死也甘愿。
Story/D_0_Meet_Option_03_02_03_038,醒醒吧，没有人爱你。没有人爱你。
Story/D_0_Meet_Option_03_02_03_039,干嘛说两次，有够伤人的。
Story/D_0_Meet_Option_04_01_001,那么就来举行段考吧。
Story/D_0_Meet_Option_04_01_002,段考？啊……本门以前确有这个习俗。\n自从掌门病倒，大师兄辞世，本门屡受重创以后，便无人再有心思提及。
Story/D_0_Meet_Option_04_01_003,我倒忘了，不过你在这当儿举行段考干什么？\n那不是你心中永远的痛吗？
Story/D_0_Meet_Option_04_01_004,那都多久以前的事了。
Story/D_0_Meet_Option_04_01_005,如今大祸临头了，亡羊补牢一番也好啊。\n趁这机会指导一下师弟妹们。
Story/D_0_Meet_Option_04_01_006,若有本领都来不及补救的，\n那便由三师兄语重心长地好言相劝，送他下山，免得他白白送命。
Story/D_0_Meet_Option_04_01_007,原来如此，师弟这主意着实不坏。\n忠义虽是侠道本色，但上天有好生之德，留取有用之身，将来还大有可为。
Story/D_0_Meet_Option_04_01_008,若有本领都不济，干脆就直接打断手脚扔出山门，\n免得他们平白无故把小命送在唐门。
Story/D_0_Meet_Option_04_01_009,原来如此，师弟这主意着实不坏。\n忠义虽是侠道本色，但上天有好生之德，留取有用之身，将来还大有可为。
Story/D_0_Meet_Option_04_01_010,不过打断手脚这就太过了，好言相劝也就是了。
Story/D_0_Meet_Option_04_01_011,也好，劝不听的再打。
Story/D_0_Meet_Option_04_01_012,真不知你是好人还坏人了。
Story/O_0_Meet_Option_04_01_001,三师兄
Story/D_0_Meet_Option_04_01_013,那三师兄，就拜托你担任考官了，\n我和四师兄下场去对练了。
Story/D_0_Meet_Option_04_01_014,咦？我跟你？
Story/D_0_Meet_Option_04_01_015,那当然，只有我们两人实力在伯仲之间啊。\n要不然你要担任指点师弟妹们的考官吗？
Story/D_0_Meet_Option_04_01_016,那还是跟你对练比较好。\n不用太认真也可以，我会在适当的时候输掉的。
Story/O_0_Meet_Option_04_01_002,四师兄
Story/D_0_Meet_Option_04_01_017,那四师兄，就拜托你担任考官了，\n我和三师兄下场去对练了。
Story/D_0_Meet_Option_04_01_018,好得很，我这回可不会再留手了。\n今日就让你知道我袖里扇的厉害。
Story/D_0_Meet_Option_04_01_019,{size=24}师弟，我提醒你一句。\n你可得上心点，别在师弟妹的面前胜了三师兄。\n他如今是代掌门，你若胜他，难免师弟妹们的信心不会动摇。{/size}
Story/D_0_Meet_Option_04_01_020,好，我理会得。
Story/O_0_Meet_Option_04_01_003,你
Story/D_0_Meet_Option_04_01_021,既然是你提议重开段考的，不妨这次就由你来担任考官吧。
Story/D_0_Meet_Option_04_01_022,我？我行吗？
Story/D_0_Meet_Option_04_01_023,没什么，你就依序看师弟妹们两两拆招，\n指出他们招数之间的破绽，稍加点拨即可。
Story/D_0_Meet_Option_04_01_024,好吧，那我试试。
Story/N_0_Meet_Option_04_01_001,经过数个时辰之久的段考。
Story/D_0_Meet_Option_04_01_025,……。
Story/D_0_Meet_Option_04_01_026,……。
Story/D_0_Meet_Option_04_01_027,师弟这……这是不是讲的比你还好啊？
Story/D_0_Meet_Option_04_01_028,别说我了，即使是从前传功使师叔在生之时，\n授课也没师弟说的这般深入浅出，简明扼要。
Story/N_0_Meet_Option_04_01_002,你的天赋在此开花结果，姑且不论你自身实力如何，\n你在指导旁人这件事情上，展现了非常优秀的水平。
Story/N_0_Meet_Option_04_01_003,受你指点的师弟妹们豁然开朗，武功突飞猛进，\n对你莫不钦佩得五体投地。
Story/N_0_Meet_Option_04_01_004,甚至还有师妹因此萌生了近似爱情的崇拜之意。
Story/D_0_Meet_Option_04_01_029,还算……过得去吧？
Story/D_0_Meet_Option_04_01_030,嗯，害我提心吊胆的，没想到师弟授课意外中规中矩的。
Story/D_0_Meet_Option_04_01_031,嗯，我若来讲，也相去不远吧，他没得过本门师长真传，\n没想到于本门精要却了如指掌。
Story/N_0_Meet_Option_04_01_005,你的授课不求有功，但求无过，\n根据本门武功的基础指点师弟妹们，\n使他们得以印证所学，变得更有信心。
Story/D_0_Meet_Option_04_01_032,别、别气馁，师弟。\n从前我初任本门传功使的时候，也教得不伦不类，此乃人之常情。\n自己的本事和指点旁人，本就是两种不同技能。
Story/N_0_Meet_Option_04_01_006,这是你第一次尝试指导旁人练功，结果一塌胡涂。
Story/N_0_Meet_Option_04_01_007,尽管你努力表达，可惜口条欠佳，\n即使看得出师弟妹们的破绽，却始终言不及义。\n说了半天也没人听懂，甚至有引人误入歧途的倾向。
Story/D_0_Meet_Option_04_01_01_001,{size=24}四师兄，你放水也太过头了吧。{/size}
Story/D_0_Meet_Option_04_01_01_002,说什么傻话，我才不想流汗呢！
Story/N_0_Meet_Option_04_01_01_001,你和四师兄的对练激励了一众弟子，各自都有些领会。
Story/D_0_Meet_Option_04_01_02_001,我输了。
Story/D_0_Meet_Option_04_01_02_002,这回是我赢了，师弟，你功夫进步好多。\n现在你我胜负各半，若再让你练几年，只怕我再也不是你对手了。
Story/N_0_Meet_Option_04_01_02_001,你等二人的攻防蕴含了唐门武功的神髓，\n看得众弟子目不暇给，眼花撩乱，感佩于心。\n不由得喝起采来。
Story/D_0_Meet_Option_04_01_02_003,啊，打得太忘我，不小心赢了。
Story/D_0_Meet_Option_04_01_02_004,师弟，我算服了你，我这回是真的没留手了。
Story/N_0_Meet_Option_04_01_02_002,三师兄输得坦荡，浑也没将胜负放在心上。
Story/N_0_Meet_Option_04_01_02_003,你等二人的攻防蕴含了唐门武功的神髓，\n看得众弟子目不暇给，眼花撩乱，感佩于心。\n只是看到代掌门败下阵来，师弟妹们不免心有惶惶。
Story/O_1_1_011,普通模式
Story/O_1_1_012,困难模式
Story/N_1_1_009,{size=50}获得唐门之力{/size}
Story/N_1_1_001,你，听说过唐门吗？
Story/N_1_1_002,天下第一暗器大家，坐镇四川蜀中，享誉江湖数十载。
Story/N_1_1_003,囊里金钱镖、藏衣袖里箭、发束牛毛针，壶中鹤顶红。
Story/N_1_1_004,唐门中人，全身上下无一不是凶器。
Story/D_1_1_001,蛤？
Story/D_1_1_002,无一不是凶器。
Story/D_1_1_003,嗯，哦。我有听到，可是你突然跟我讲这个干什么？
Story/D_1_1_004,实不相瞒，在下正是唐门中人。\n难得与老兄你有缘，我就想问问你，有没有兴趣加入唐门？
Story/D_1_1_005,不，可是我们只不过是并桌吃面，\n你突然跟我讲这个我也很困扰啊……
Story/D_1_1_006,说到底，我为什么要加入唐门啊。
Story/D_1_1_007,加入唐门很好啊！\n你可以学会一身武功，行侠仗义。
Story/D_1_1_008,不不，你先瞅瞅我这身行当。\n实不相瞒，我就一个卖捏面人的小贩，日子得过且过罢了。\n都快吃不上饭了，哪儿有啥劳什子力气去管别人的事呢？
Story/D_1_1_009,呃……学武功有很多好处的，\n可以强身健体，强身健体之后你自然便有力气了。
Story/D_1_1_010,免了，我不管别人闲事的话，自然也不需要力气了，安居乐业很好。
Story/D_1_1_011,话是这么说没错，但是学了武功很威风的……。
Story/D_1_1_012,……兄台，虽然萍水相逢，但我唠叨劝你一句。\n你都老大不小了，不思进取寻个妥当营生，\n老是在结伙搞帮派，滋扰民生，你爹娘都知道吗？
Story/D_1_1_013,呃，这个……这个……。
Story/D_1_1_014,我就不明白了，你们这些所谓江湖中人成天打打杀杀究竟图个什么？\n就为了威风二字？简直可笑、粗鲁！\n虽然你说得好似挺欢，不过唐门风评其实很差吧？
Story/D_1_1_015,兄台此话差矣，何以见得？
Story/D_1_1_016,为什么不问问你自己呢？\n枉你一副读书人模样，原来却是个假斯文，连我一介粗人都比你明白事理。
Story/D_1_1_017,……对不住。
Story/D_1_1_018,知错能改，善莫大焉。\n说了这许多话，面都凉了，\n唉，唐门一出马便害我吃冷面，果然真本事。
Story/D_1_1_019,话可不能乱说，没的坏我唐门的名声。
Story/D_1_1_020,不然怎样？就实话实说啊，不然你要打我吗？\n唐门又想欺负不懂武功的乡人，果然威风！
Story/T_1_1_001,呜哇，三师兄被路人骂爆了，真弱。
Story/D_1_1_021,哈，哈哈，结果功败垂成没招到人，还赔了面钱……让师弟见笑了。
Story/D_1_1_022,我看到了，这也没办法，难为三师兄你了。
Story/D_1_1_023,可不是吗？\n若在平时，我岂能容人这样欺到头上？\n可唐门正在危难之秋，小不忍则乱大谋，我个人的荣辱，也只好摸摸鼻子算了。
Story/D_1_1_024,喝茶，喝茶，息怒呀。
Story/D_1_1_025,谢了，师弟。当真气煞我也。
Story/D_1_1_026,说起来，我都不知道咱们唐门的名声这么坏。
Story/D_1_1_027,是吗？你是外姓弟子，本该经常出门走动，我以为你多少有听闻。
Story/D_1_1_028,我出门不外乎是缺了柴米油盐酱醋茶。
Story/D_1_1_029,说得也是，对不住，唐门对不住你。\n唉，这件事说来话长，怪都怪本门师长造孽。
Story/O_1_1_001,附和三师兄
Story/D_1_1_030,本门师长造过很多孽，不知三师兄指的是哪一宗？
Story/D_1_1_031,噗哈哈，师弟真毒，我喜欢。
Story/O_1_1_002,唯唯诺诺
Story/D_1_1_032,呃呵，呃呵呵……。
Story/D_1_1_033,如今再提也无益，唉。\n遥想当年刚拜入门下当时，唐门声势如日中天，说威风有多威风，\n门下起码上百位弟子，在练武场上列队排开，那风景，之壮阔！
Story/D_1_1_034,如今只剩不到十人了。
Story/D_1_1_035,唉！还不是祖训误事，非姓唐者不得真传。\n外姓弟子若想习得真功夫，非得勤恳努力才有机会获得垂青，改宗姓唐。
Story/D_1_1_036,依我之见，这种陋习简直蛮不讲理，偏生师长们就知道墨守成规。\n门下弟子表面上团结，其实不过是仰仗唐门的气派狐假虎威罢了。
Story/D_1_1_037,哦，对啊！像我待那么久，只获传入门心法而已，未免太过份了吧，呵呵。
Story/D_1_1_038,确实是唐门亏待了你，如今唐门外姓弟子总共只剩你一人了吧，真亏你还待得住。
Story/D_1_1_039,我也觉得自己挺了不起的。
Story/D_1_1_040,掌门从前为求扬威武林，作风未免太厉，开罪过不少人。\n如今他一生病，仇家眼见有机可趁，便纷纷欺到头上来了。
Story/D_1_1_041,这几年间，陆续上门挑战的门派、帮会十根指头也数不完，杀伤了唐门不少能手。\n那群被迫改宗、色厉内荏的乌合之众见大难临头，便作鸟兽散了。
Story/D_1_1_042,大家只求自保，那也无可厚非。
Story/D_1_1_043,重振本门威风的重责大任，便着落在我们这一代头上了。\n得了，咱们俩还是省点牢骚，把握光阴去招人吧。
Story/D_1_1_044,那么我们分头进行吧。
Story/D_1_1_045,好，一个时辰后，便在这里会合。
Story/N_1_1_005,一个时辰过后。
Story/D_1_1_046,师弟，你来了。
Story/D_1_1_047,三师兄，你好快。
Story/D_1_1_048,说来惭愧，我一个人也没招到。
Story/O_1_1_003,讲点干话刺激他
Story/D_1_1_049,师兄，你真是废物的说。
Story/O_1_1_004,讲点好听的话安慰他
Story/D_1_1_050,此事确实难为，我们都只能尽力而为，且尽人事罢了。
Story/D_1_1_051,真是无地自容。
Story/D_1_1_052,那么师弟你的战果如何？
Story/D_1_1_053,我的话……
Story/O_1_1_005,一个也没招到
Story/D_1_1_054,一个人也没找到，呵呵。
Story/D_1_1_055,我就知道，唉！
Story/O_1_1_006,招到了一个人
Story/D_1_1_056,招到了一个人，已经给他介绍信了。\n稍晚那人收拾好行囊，便会自行上山报到。
Story/D_1_1_057,哦！虽说只有一个人，不过聊胜于无，干得好啊师弟。
Story/D_1_1_058,嘿嘿，这下我的考绩也会好些，转正入室指日可待，是吧？
Story/D_1_1_059,呃……。
Story/D_1_1_060,三师兄？哎，三师兄？
Story/D_1_1_061,时候不早了，趁天黑以前快上山吧。
Story/N_1_1_006,虽然招到了人，不过你总觉得委屈。
Story/O_1_1_007,招到了三个人
Story/D_1_1_062,招到了三个人，已经给他们介绍信了。\n稍晚那三人收拾好行囊，便会结伴上山报到。
Story/D_1_1_063,真的吗？师弟你还真行啊！这下掌门可要乐了！\n辛苦了，辛苦了。
Story/D_1_1_064,嘿嘿，这下我的功劳可大了，转正入室指日可待，是吧？
Story/D_1_1_065,呃……。
Story/D_1_1_066,三师兄？哎，三师兄？
Story/D_1_1_067,时候不早了，趁天黑以前快上山吧。
Story/N_1_1_007,虽然招到了人，不过你委屈到不行。
Story/O_1_1_008,不单没招到人，还被飞石帮的人打了一顿抢走零用钱
Story/D_1_1_068,……试着向路边的人搭讪的时候，反而被勒索了。
Story/D_1_1_069,于是我被带到角落打了一顿，还给抢走了钱。
Story/D_1_1_070,岂有此理，你可记得他们的形貌？
Story/D_1_1_071,他们自称是飞石帮的人，若想讨回公道，就去他们总坛。
Story/D_1_1_072,啊，飞石帮……拜大师兄所赐，那帮人最近时常找本门的麻烦。
Story/D_1_1_073,可恶，虽说本门有点儿那个……对不起人在先，\n掌门亦严令禁止麾下弟子再去接触，但当街打人抢钱也未免目无王法，\n……有了，咱们报官去。
Story/D_1_1_074,哈？报官？
Story/D_1_1_075,是呀，武林人便报不得官吗？\n别以为光天化日之下随便打人抢钱不用付出代价，简直目无王法！
Story/T_1_1_002,三师兄从前是读书人，未免有点迂腐，\n这事就算官府可以管，也未免太丢脸了，万万使不得。
Story/D_1_1_076,三师兄，我个人吃亏事小，本门名声事大，我看还是算了吧。
Story/D_1_1_077,唔，有道理。那要不这样吧，我们回山上，禀报掌门，请他老人家定夺。\n本门虽不似从前那般强盛，区区飞石帮，却也不放在眼里。
Story/D_1_1_078,千万不要。
Story/D_1_1_079,这是为何？
Story/D_1_1_080,奏明掌门，小师妹不就知道我挨打了吗？\n那我以后在小师妹面前岂不是很没面子。
Story/D_1_1_081,可你岂非白白挨打了？
Story/O_1_1_009,无妨，这笔帐我迟早自己讨回
Story/D_1_1_082,待我修练成功，这笔帐再慢慢讨回便是。
Story/D_1_1_083,君子报仇，十年未晚－－师弟你既有这般志气，那便依你吧。
Story/O_1_1_010,算了吧，谁让我们对不起人在先呢？大局为重
Story/D_1_1_084,我个人荣辱事小，忍一时便风平浪静，大局为重。
Story/D_1_1_085,师弟，你能事事以本门为重，动心忍性，殊为难得。\n三师兄今日不得不写个服字。
Story/D_1_1_086,说起来天色也晚了，今日不论如何就先告一段落吧。
Story/D_1_1_087,好。
Story/D_1_1_088,总算到了，我的腿都快走瘸了。
Story/D_1_1_089,呵，对于只习练过入门心法的你来说，这山路确实是太严苛了点。
Story/D_1_1_090,三师兄，你说唐门祖师爷究竟为何要将基地建于孤峰之上？\n这不是自讨苦吃吗？简直有毛病吧。
Story/D_1_1_091,师弟这你可错了，据说祖师爷建在山上是有深意的。
Story/D_1_1_092,唐门三门临谷，背有靠山。\n孙子兵法有云：险形者，我先居之，必居高阳以待敌；\n若敌先居之，引而去之，勿从也。
Story/D_1_1_093,呃，听不懂。
Story/D_1_1_094,哈，师弟，平时若得闲，不妨来找我聊天，\n我说些有趣的武林掌故给你听，顺便教你读书。
Story/D_1_1_095,也好。
Story/D_1_1_096,那就暂别啦，我先去禀报掌门今日斩获，你早点歇吧。
Story/D_1_1_097,是啊，明日我还得早起做工呢。
Story/D_1_1_098,如今没别的外姓弟子，万事唯有仰仗你了。
Story/D_1_1_099,这些不过杂事，三师兄你肩上的担子才重吧。
Story/D_1_1_100,唉！可叹，枉我自命栋梁之材，却连一个江湖门派也经营不好。\n讲起来我就头疼，本门产业都给卖了，光靠现今的营收，连生活也难。\n下个月的欠款，真不知道该如何才能还上。
Story/D_1_1_101,我还得厚着脸皮向师弟们收缴学杂费……费心又惹人厌，真不是人干的。
Story/D_1_1_102,不行，我得再精算一次账目才睡。\n你先别管这些了，莫忘了来月还有段考。\n你若还想成为入室弟子，此刻开始亡羊补牢勤加修练，兴许可以一鸣惊人……。
Story/N_1_1_008,三师兄一边自言自语一边走了。
Story/T_1_1_003,真是难为他了。\n俗话说家国兴亡，匹夫有责，我是不是也该想点办法给唐门挣点钱？
Story/D_1_1_1_001,啊～今天总算过完了。
Story/D_1_1_1_002,今天也好累啊－－咦，怎么寝室没人。
Story/D_1_1_1_003,该不会是聚一块吃宵夜，故意落下了我吧。
Story/D_1_1_1_004,师弟，你在这儿啊，害我好找。
Story/D_1_1_1_005,四师兄？你找我？
Story/D_1_1_1_006,不是我找你，是掌门。
Story/D_1_1_1_007,掌门找我？我干了什么吗？
Story/O_1_1_1_001,我是无辜的
Story/D_1_1_1_008,我、我不记得自己干过甚么坏事啊，我不都一直兢兢业业的吗？\n……偶尔喘口气睡个午觉也在情理之中吧？
Story/D_1_1_1_009,我可没说掌门要怪责于你啊。
Story/D_1_1_1_010,更何况，真亏你敢说呢，你不是经常偷闲吗？\n我没说不行，但偷懒了又自称兢兢业业，这就有点无耻了吧？
Story/D_1_1_1_011,嘿嘿。
Story/D_1_1_1_012,闲话就别说了，快随我去正心堂见掌门吧，就差你一人了。
Story/D_1_1_1_013,行了，别慌啦，你做事我有看到。\n就算掌门真的没瞧见怪罪你，大伙也会替你说话的。
Story/D_1_1_1_014,大伙里面包含小师妹吗？
Story/D_1_1_1_015,呃……这可难说。
Story/D_1_1_1_016,那我就不要了！
Story/D_1_1_1_017,有够任性！
Story/O_1_1_1_002,四师兄，你应该去跟小师妹说我的好话，这样我就满意了。
Story/D_1_1_1_018,可以是可以啦……反正讲几句好话不用钱。\n效果怎么样，我就不敢保证了。
Story/D_1_1_1_019,没关系。
Story/N_1_1_1_001,事后四师兄寻得机会，果真向小师妹说了几句你的好话。\n可是小师妹不太在意的样子。
Story/D_1_1_1_020,闲话就别说了，快随我去正心堂吧。
Story/O_1_1_1_003,反正我也不是为了回报才甘愿劳役的。
Story/D_1_1_1_021,我知道啊，虽说你是外姓弟子，\n咱们毕竟相处了挺久的嘛。
Story/D_1_1_1_022,说得也是，从前入室弟子和外姓弟子不会那么亲近的说。
Story/D_1_1_1_023,本门现在都没剩几个活人了，还摆臭架子的话，只怕连你也要溜了吧。
Story/D_1_1_1_024,只盼日后本门每回注入新血时，能够渐渐洗淡瞧轻外姓弟子的陋习吧，\n就不知要花多久时间而已。
Story/D_1_1_1_025,让我直接当入室弟子也可以解决这个问题。
Story/D_1_1_1_026,这可不是由我说了算。
Story/D_1_1_1_027,啊，差点忘了正事，闲话就说到这，快随我去正心堂吧。
Story/O_1_1_1_004,难道掌门终于要收我入门了？
Story/D_1_1_1_028,难道说，掌门终于开窍，决定收我入室了吗！
Story/D_1_1_1_029,我想应该不是这样哦。
Story/D_1_1_1_030,我就知道！
Story/D_1_1_1_031,虽然这话似乎不该我说……不过你若想学武的话，\n离了唐门还是大有去处啊。
Story/D_1_1_1_032,别的门派又没有小师妹。
Story/D_1_1_1_033,此言差矣，各门各派总会有几个特别漂亮的姑娘吧。\n我听说锦香宫更是美女如云，相对的没有男弟子就是了。
Story/O_1_1_1_005,有兴趣
Story/O_1_1_1_006,我对小师妹以外的姑娘一点兴趣也没有
Story/D_1_1_1_034,那万一有朝一日小师妹离开本门，你考虑过到哪去吗？
Story/D_1_1_1_035,这个问题我倒没有想过。
Story/D_1_1_1_036,这样啊。
Story/D_1_1_1_037,啊，差点忘了正事，闲话就说到这，快随我去正心堂吧。
Story/O_1_1_1_007,难道……是那件事？
Story/D_1_1_1_038,难道……是那件事？
Story/O_1_1_1_008,我在正心堂点灯焚香时失手烧了字画
Story/D_1_1_1_039,真的假的啊……。
Story/D_1_1_1_040,真的，我为了避免被发现，自己画了一幅充数，\n反正狂草不就是鬼画符吗？落款处我还冒充前朝杜甫。
Story/D_1_1_1_041,哈哈哈！太好笑了，这事我可以笑一个月！
Story/D_1_1_1_042,你先别笑太早，这事还没完。\n上个月掌门不是命你拿字画出去变卖换米吗？
Story/D_1_1_1_043,妈巴羔－－我想起来了，有一幅字画特别奇怪，\n没人看得懂，甚至还请出了耕阳读书斋的文人来鉴定，\n结果被以超高价格买回去研究的鬼画符，就是你的杰作吧！
Story/D_1_1_1_044,对，就是我！
Story/D_1_1_1_045,……这件事，就当成你我之间的秘密吧。\n如果被掌门知道了，他一定会不惜倾家荡产也要赎回那幅字画。
Story/D_1_1_1_046,好。
Story/D_1_1_1_047,这些零用钱，你收着，什么都别说。\n把这个秘密带进坟墓里，随我去正心堂吧。
Story/O_1_1_1_009,我整理讲经堂的时候捡到了唐门暗器总纲的注译
Story/D_1_1_1_048,啊……本门自入门以来，无分入室、外姓，人手一本唐门暗器总纲，\n但是光有秘笈无济于事，需有师长亲授点拨，传授歌诀方才习成。
Story/D_1_1_1_049,正是，想来那位前辈也是怕遗忘歌诀，所以才抄录下来。
Story/D_1_1_1_050,我就算了，但这件事你还是别告诉别人为妙，铁定会被逐出师门的哦？
Story/D_1_1_1_051,我自然晓得，只可惜一时片刻，我也没记周全，\n后来再去翻找，已经找不到那本书了。
Story/D_1_1_1_052,可能是三师兄处理掉了吧。
Story/D_1_1_1_053,多半如此。
Story/D_1_1_1_054,既然三师兄没向你追究，那就没事了吧。\n别担心，这次召集决计和此事无关，放心随我来正心堂吧。
Story/O_1_1_1_010,某次和三师兄下山招生的时候，反被青城派劝诱了
Story/D_1_1_1_055,青城派？那不是很厉害吗？
Story/D_1_1_1_056,嗯，那位道长一见到我就大为惊奇，抓着我的头反复观看。\n然后说我相貌清奇，若是学道，该当大有可为。
Story/D_1_1_1_057,青城派的武功很厉害呀，名声也好，你有此奇遇，怎么不把握呢？
Story/D_1_1_1_058,我那时也是很高兴，而且青城派与全真派不同，\n正一道是可以娶妻结婚的。
Story/D_1_1_1_059,但我知道，即便可以结婚，我去了青城派娶的一定不会是小师妹。\n所以我拒绝了。
Story/T_1_1_1_001,就算你说得这样慷慨凛然……。\n可是你即使不去青城派也同样娶不到小师妹啊。
Story/D_1_1_1_060,这可真是难为你了，啊那个，掌门叫我们呢，下回再说这个事吧。\n我们还是快点去正心堂吧。
Story/D_1_1_2_001,怎那么多人？
Story/D_1_1_2_002,就剩你没听到召集令而已，本次唐门会议破例召集全弟子，\n想必掌门有重大要事布达，行了，你在这站好便是，我可要入座了。
Story/T_1_1_2_001,唐门会议？我来这么多年，这还是第一次参与。
Story/D_1_1_2_003,大家都来了？剩下的就这么点人吗？
Story/D_1_1_2_004,启禀掌门，除了大师兄以外包含外姓弟子全都到齐了。
Story/D_1_1_2_005,那逆徒又游晃到何处去了？\n我不是说了，要门下弟子全员集合吗？\n莫非他当我说话放屁吗!
Story/D_1_1_2_006,掌门息怒，大师兄虽然行事不拘小节，却向来敬畏掌门，\n若无特别要紧的大事，绝不敢无故缺席，冒犯掌门威严，\n我恐怕事出有因，若要责罚，还请先听他辩解。
Story/D_1_1_2_007,他在花月楼。
Story/D_1_1_2_008,二、二师兄！
Story/D_1_1_2_009,花月楼？花月楼是个甚么样的门派？听都没听过。
Story/D_1_1_2_010,那个……不是门派。
Story/D_1_1_2_011,小师妹，把耳朵摀住。
Story/D_1_1_2_012,？
Story/D_1_1_2_013,为何？
Story/T_1_1_2_002,噢，小师妹今天也可爱得要命吶！
Story/T_1_1_2_003,我至今还留在唐门，就是为了每天可以见她一面，\n光是这样看到她，昨夜为止累积的辛劳就化为乌有了，呼呼。
Story/T_1_1_2_004,依我之见，唐门最强暗器不是掌门独门的飞燕流星翎，\n而是小师妹本身才对，她完全可以用可爱之力杀人，\n害人家的心脏骤停，武功再高也防不胜防。
Story/T_1_1_2_005,不行，我得收敛一下眼睛。\n再这样下去我就要因为爱导致爆体而亡了。
Story/D_1_1_2_014,你、你再说一次！花月楼是个甚么样的地方？\n岂有此理！本门存亡危急之秋，这不肖逆徒竟然去风月场所玩乐！？\n我、我要活活气死……！咳，咳咳！
Story/D_1_1_2_015,掌门人息怒哇！别动气，不论如何，以保重身体为要。
Story/D_1_1_2_016,拍拍。
Story/D_1_1_2_017,铃儿……还是亲女儿贴心，唉。\n枉费我将你大师兄视如己出，一番栽培，不由得我不气啊。
Story/D_1_1_2_018,不生气了？
Story/D_1_1_2_019,爹不气了。
Story/D_1_1_2_020,那好。
Story/D_1_1_2_021,今日召集你等弟子，用意无它，想必大家也心知肚明，\n我便开门见山地把话说了。
Story/D_1_1_2_022,我唐门主屋正心堂外边挂的牌匾，写着四个大字：正大光明。
Story/D_1_1_2_023,外人常蔑责我唐门惯使暗器毒药，手段卑鄙阴狠，大家以为如何？
Story/D_1_1_2_024,愚见，不值一哂。
Story/D_1_1_2_025,真是冤枉，其实咱们何时暗中伤人过了？\n就算要打架，也是光明正大送出战帖的。
Story/D_1_1_2_026,胡说八道，用刀枪棍剑也不见得为人处事就比较高尚。
Story/D_1_1_2_027,徒儿们所言甚得我心。
Story/D_1_1_2_028,暗器，说穿了也不过是一种兵器，与刀剑无异。\n毒药虽毒，却尚有解药可救，比之一刀子下去就没有转圜余地的刀剑更为仁厚。\n兵器本来就无分善恶，端看使用者正邪。
Story/D_1_1_2_029,当年我犹未接任掌门，心性浮躁，半点容不得这些贬低唐门的难听话语。\n一旦听说谁污辱了唐门，那怕千里迢迢，我也照样挑着唐门大旗去下战帖。
Story/D_1_1_2_030,也不知幸或不幸，至今未尝败果。\n也因此把江湖上能够得罪的人都得罪光了，\n如今老来想想，自是我理亏居多。
Story/T_1_1_2_006,原来他有自觉！
Story/D_1_1_2_031,如今我已年迈，尤其患了这毛病以后，身体早已大不如前。\n本门经历崆峒、点苍等诸大派高手陆续发来战帖，元气大伤。\n那事是我们唐门祖宗欠下的旧债，我们不得不还。
Story/D_1_1_2_032,如今连一些不入流的帮派、小门派，\n竟也想捡现成便宜，妄想欺到唐门头上来。
Story/D_1_1_2_033,若让我年轻几岁，一锅儿全给端了。
Story/D_1_1_2_034,可如今，本座纵想不服老，恐怕也不行。\n迟迟不将掌门令牌交出，唐门悠远历史迟早会毁在我这老儿手里。\n你们需要一个新的掌门，登高一呼，带领本门重振门风。
Story/D_1_1_2_035,！
Story/T_1_1_2_007,我的天，掌门这是要退位？
Story/T_1_1_2_008,真突然！只不知掌门有意传位给谁？
Story/T_1_1_2_009,大师兄自小跟随掌门，入门最久，武功最高，说他尽得掌门真传也不为过。\n但是他说好听是潇洒不羁，说难听就是放荡、不负责任，恐非掌门材料。
Story/T_1_1_2_010,二师兄论根骨天赋的话，恐怕略逊于大师兄半筹。\n但他擅长炼制毒药，单论毒术，二师兄的造诣恐怕已经足与掌门并驾齐驱了。\n可惜他性格忒也阴沉，人缘不大好，他若当掌门，大伙儿都得皮绷紧一点。
Story/T_1_1_2_011,再属第三顺位，只有三师兄了吧？\n三师兄从前是读书人，名落孙山后好一番心境转折才弃文学武。
Story/T_1_1_2_012,他饱读诗书，阅历丰富，在江湖上也风评上佳，\n坏就坏在他太晚起步，遑论前头还有两位天才，\n三师兄自觉终生也不能练到和他俩一般高度，便从此荒废了武学进境。
Story/T_1_1_2_013,我个人是支持……
Story/O_1_1_2_001,大师兄的
Story/T_1_1_2_014,我当然是支持大师兄啦。
Story/T_1_1_2_015,大师兄拜入师门最早，武功既高，交际又广，难得的是为人不拘小节。\n就算对外姓弟子也没摆过半分架子，经常率众偷吃宵夜，\n或者放歌于山间、醉倒在茅房……惹祸了逃跑的速度也很快……。
Story/T_1_1_2_016,咦？让这种家伙担任掌门真的好吗？
Story/O_1_1_2_002,二师兄的
Story/T_1_1_2_017,我是支持二师兄的。
Story/T_1_1_2_018,虽然二师兄平时总窝在炼丹房，散发出一种生人勿近的气息，\n门人等闲难以攀谈，但从他制药时专心致志便可得知他为人谨慎。
Story/T_1_1_2_019,若由二师兄掌舵，八成会采取低调方针，\n休生养息，假以时日，唐门自有一番新气象。
Story/O_1_1_2_003,三师兄的
Story/T_1_1_2_020,我果然还是支持三师兄吧。
Story/T_1_1_2_021,虽然大师兄和二师兄各有擅场，三师兄论武功大概及不上他们，\n但是人品佳，学问也好，深得掌门师父信任，俨然便是唐门大管家。
Story/T_1_1_2_022,他为唐门荣辱兴衰操碎了心，若没有他操持，说不定本门早已垮了。\n若由三师兄接任掌门，当可柔软应对眼前困境，带领唐门渡过难关。
Story/O_1_1_2_004,我自己的
Story/T_1_1_2_023,我是支持我自己的。
Story/T_1_1_2_024,如果由我接任唐门，我就动用掌门权威强逼小师妹下嫁给我！
Story/T_1_1_2_025,本来延续唐门香火就是一等一的大事呀，嘻嘻！
Story/D_1_1_2_036,……？
Story/N_1_1_2_001,小师妹似乎凭着本能感应到莫可名状的寒意。
Story/D_1_1_2_037,徒儿们毋需忐忑，继任人选，为师胸中早有定见。\n在你们一辈当中，当数布衣、峥儿二人最为杰出，各擅胜场，性情虽异，俱为栋梁。\n此外，唐升长年为本门鞠躬尽瘁不遗余力，也该列入首选……
Story/D_1_1_2_038,求掌门千千万万不要有这种骇人想法！\n我有自知之明不是那块料，\n本人帮衬掌门，打点琐事已是大用，万万担不起这等重责大任！
Story/D_1_1_2_039,既是如此，便依你。\n其余弟子资历尚浅，才德皆不足以担此大任，那也休提。\n光振唐门的重责，势必得着落在我座下大弟子、二弟子其中一人肩上－－
Story/D_1_1_2_040,我今晚召唤你们之时已决定，将掌门之位传予布衣。
Story/D_1_1_2_041,……啧。
Story/D_1_1_2_042,……然而这混小子行径乖张，视掌门号令为耳边风，\n目无尊长、德行欠奉，实在不足以为众弟子表率。\n传位之事，暂且保留！
Story/D_1_1_2_043,掌门，事关重大，敬请三思！
Story/T_1_1_2_026,呵呵，大师兄这下衰了。
Story/D_1_1_2_044,唉，事关重大，我焉有不知？\n事情攸关唐门兴衰存亡，亦攸关我女儿终生托付，我岂能不三思！
Story/T_1_1_2_027,……哎？
Story/T_1_1_2_028,刚刚掌门……说了什么？
Story/D_1_1_2_045,布衣是我和你们已过世的师娘一手带大的。\n他脑子里在想什么，为师最清楚。
Story/D_1_1_2_046,这小子从小活泼外向，兼之年少轻狂，心性未定，\n就像没有根的飞絮随风飘游，心中从没有「责任」二字。
Story/D_1_1_2_047,有朝一日他有了负担、有了家室，这朵飞絮自然便会飘落人间，就地生根。
Story/D_1_1_2_048,哼。
Story/T_1_1_2_029,师父说了半天，这不摆明了还是要把掌门之位交给大师兄吗？\n哎呀……二师兄表情真恐怖，好像要杀人了一样。
Story/D_1_1_2_049,我将布衣视如己出，他若懂知恩图报，就当为以本门为念。\n铃儿下嫁予他，布衣的心便会长此留在唐门。
Story/D_1_1_2_050,铃儿，为父将你许配给大师兄为妻，你说好吗？
Story/D_1_1_2_051,……。
Story/D_1_1_2_052,……不知道。
Story/D_1_1_2_053,你不喜欢大师兄吗？他武功高强，清秀俊朗，侠名远播。\n与你自小出双入对，你们结缡岂非美谈？
Story/D_1_1_2_054,不知道。
Story/D_1_1_2_055,那爹问你，你不愿意吗？
Story/D_1_1_2_056,……没有。\n铃儿听凭爹爹的安排。
Story/D_1_1_2_057,那便好了，你有了依靠，爹才安心。\n还不懂的，等到成婚以后，自然便懂了。
Story/D_1_1_2_058,喂，你不要一直乱动。
Story/D_1_1_2_059,喂，喂，你怎么回事，表情不对劲啊。
Story/D_1_1_2_060,我早就知道了。
Story/D_1_1_2_061,小师妹那样天仙一样的人物，迟早会嫁人的，而且嫁的人绝不会是我。
Story/D_1_1_2_062,因为我很丑、武功又低微。
Story/D_1_1_2_063,只有大师兄那样的少年英雄配得上她，嫁给大师兄，她会幸福的。
Story/D_1_1_2_064,人生在世，吃香的总是天赋英才、装模作样的英俊男子，\n人长得好看方有人权可言，似我这般，只有人人喊打。\n无论我人品好坏、都会无条件讨厌我、骂我、厌憎我。
Story/D_1_1_2_065,好看的公子哥可以边学武功、边学琴棋书画附庸风雅，\n将江湖、将人生视为游戏，拼命卖弄皮相、穿着光鲜引人注意。\n我却注定作些低三下四的贱活了此残生，连存活这件事都力有未逮。
Story/D_1_1_2_066,无论天道、人心都不公平啊……。
Story/O_1_1_Break_001,睡觉
Story/O_1_1_Break_002,唐门
Story/T_1_1_Break_001,本门从前人很多的时候，我这样的外姓弟子，\n连这通铺都没我的位子，我是住在山腰唐门外堡的。
Story/T_1_1_Break_002,那时候，唯有表现得好的外姓弟子才有机会被选派到这唐家大院。\n经常在师长面前露面，才有机会被拔擢成为入室弟子。
Story/T_1_1_Break_003,结果现在整座外堡都卖人了，我虽搬到了梦寐以求的唐家大院，\n却还是没机会得到师长垂青，到现在都还是外姓弟子。
Story/T_1_1_Break_004,还不是他们都看脸挑人，欺人太甚。
Story/T_1_1_Break_005,话说回来，本门的前辈怎么能欠那么多钱的？连产业都卖光了也还不上。
Story/T_1_1_Break_006,那些钱若给我，几辈子也花用不尽。
Story/T_1_1_Break_007,多亏三师兄操持，倚仗着往日的名声，唐门大家才能勉强餬口过得上日子。
Story/O_1_1_Break_003,小师妹
Story/T_1_1_Break_008,小师妹此刻不知在干嘛？
Story/T_1_1_Break_009,大概已歇了吧。
Story/T_1_1_Break_010,今天也没能见到小师妹一面，我的心力已快要枯竭了。
Story/T_1_1_Break_011,被当下人使唤的卑微日子，之所以还能过得下去，\n为的就是偶尔能够远远见她一面。
Story/T_1_1_Break_012,无论如何，早操时总能见到她吧。
Story/O_1_1_Break_004,江湖
Story/T_1_1_Break_013,啊，下山都在忙着招人，忘记买这期的江湖快报了。
Story/T_1_1_Break_014,唐门都在烦恼自己的事，没心力管江湖局势。
Story/T_1_1_Break_015,江湖快报读来都像在读别人的故事似的。
Story/T_1_1_Break_016,如今江湖最大势力仍是坐霸襄阳六道峡的魔教吧，\n其次该是全真派、嵩山寺、青城、点苍、峨嵋、崆峒这些大派了。
Story/T_1_1_Break_017,天下第一大帮是丐帮，其次沧帮、白鲨帮。
Story/T_1_1_Break_018,以前唐门在江湖也排得上号的，位列三大世家之一，现在却乏人问津了。
Story/O_1_1_Break_005,段考
Story/T_1_1_Break_019,这就是唐门过分的地方了。
Story/T_1_1_Break_020,外姓弟子若得不到师长青睐，直接选拔入室，就得在段考中力求表现。
Story/T_1_1_Break_021,可如今，根本没别的外姓弟子与我分担杂务，我是要怎么抽空练功？
Story/T_1_1_Break_022,何况门规规定，不得点拨外姓弟子本门秘籍中的武功。\n那本暗器总纲我翻来覆去就只看得懂开篇概述《忘形篇》，\n手法和吐吶心诀一概不通，再练一百年也没有用啊！
Story/O_1_1_Break_006,照镜子
Story/D_1_1_Break_001,……。
Story/D_1_1_Break_002,我觉得……我的品貌长得……
Story/O_1_1_Break_007,还不算太差。
Story/D_1_1_Break_003,其实也不算太差嘛。\n看久了还是可以的。
Story/N_1_1_Break_001,！？
Story/N_1_1_Break_002,你的意念震撼了十方世界。
Story/O_1_1_Break_008,内在更重要。
Story/D_1_1_Break_004,算了，人贵自知。
Story/D_1_1_Break_005,好男儿价值不在皮囊，在于是否有满腔抱负、是否知书达礼。\n否则纵有皮相，活得碌碌无为也没趣味。
Story/D_1_1_Break_006,我还是睡前读点书，多少充实内涵吧，\n就算附庸风雅，也好过肚里没有半分墨水。
Story/N_1_1_Break_003,你就着残烛火光，读了讲经阁借来的《唐诗选辑》。
Story/O_1_1_Break_009,实在是难看。
Story/D_1_1_Break_007,为什么爹娘会把我生得这张嘴脸呢，太过份了。
Story/D_1_1_Break_008,活到今日单单为了这张脸孔，我到处受人嘲弄奚落，\n吃得苦头还比吃过的米饭多。
Story/D_1_1_Break_009,有些陌生人甚至会劈头盖脸冲着我大骂，祝我早死。\n我也不是自己愿意长成这样的啊！难道长得丑就是活该吗？
Story/N_1_1_Break_004,你自怨自艾，放任绝望感充斥心灵，变得更卑微了。
Story/T_1_2_1_001,今天那三个混蛋一定会主动请缨当我对手。\n来就来啊，我跟你拚了便是。
Story/O_1_2_1_001,掌门人
Story/D_1_2_1_001,我唐门诸位弟子，今日段考，尽管各显能为便是。
Story/D_1_2_1_002,谨遵掌门教诲！弟子恭请掌门核鉴！
Story/T_1_2_1_002,想不到竟然是掌门担任考官。
Story/T_1_2_1_003,看来今日掌门精神挺健旺的，太好了。
Story/N_1_2_1_001,见到掌门，人心振奋，大伙都摩拳擦掌的，力图表现。
Story/T_1_2_1_004,啧，掌门在看，我待会揍这厮可不能太过火了。
Story/O_1_2_1_002,三师兄
Story/D_1_2_1_003,诸位师弟，今日段考，因掌门尊体抱恙，不便活动，\n便由我唐升代为监考，期望诸位师弟各展所能。
Story/D_1_2_1_004,好！
Story/O_1_2_1_003,二师兄
Story/D_1_2_1_005,快点打，我很忙，别浪费我时间。\n谁敢留手拖延，待会就到炼丹房报到。
Story/D_1_2_1_006,师兄请放心，师弟们下手决不容情！往死里弄！
Story/T_1_2_1_005,哇，这个异常严肃的气氛，有种上战场的感觉，\n不拼命杀敌就会被自家总帅治罪。
Story/O_1_2_1_004,大师兄
Story/D_1_2_1_007,是我，我是你们大师兄。\n今日天气那么好，我想临时抽换考题，大家别过招了，\n随我齐到后山小溪，用暗器捕鱼，没捕到鱼的就不及格，大家说可好？
Story/D_1_2_1_008,当然不行！大师兄！你不要乱来！掌门会生气的！
Story/D_1_2_1_009,啧，无聊。\n好啦，那你们速速解决，趁天色尚早还可以去捉鱼。\n打完叫我，我先去准备烤鱼酱。
Story/D_1_2_1_010,不行，不行！大师兄，你得监考啊！
Story/D_1_2_1_011,……。
Story/T_1_2_1_006,……。
Story/N_1_2_1_002,大师兄的发言导致所有人丧失了斗志。
Story/N_1_2_1_003,弟子两两配对，开始拆招，演示自身武功进境，由考官考核，逐一点评指点。\n最后终于轮到了你。
Story/T_1_2_1_007,平常心，平常心，不要紧张，顶多就是输掉。\n我输掉也不是一两次了，要多难看就有多难看，没什么大不了的。
Story/D_1_2_1_012,师弟，你报仇雪恨的机会来了，嘻嘻。\n这次就整到你一生也没脸站上练武场吧。
Story/D_1_2_1_013,师弟，虽然很替你惋惜，但是考官在上，我可不能放水。\n你就继续当你外姓弟子吧！
Story/T_1_2_2_001,我又输了？我都努力到这种地步了，还输？
Story/D_1_2_2_001,呼，呼，想不到你倒挺会挣扎，可惜终究不是学本门正宗武功的。\n想当我的对手，还早十年！哈哈哈！
Story/D_1_2_2_002,呜－－
Story/N_1_2_2_001,在你眼里看来，此刻朝你注视的目光似乎都带有鄙夷之色，\n明明所有人都面无表情，一言不发，却都像在嘲讽你似的。
Story/D_1_2_2_003,唔哇啊啊啊啊啊！！！
Story/D_1_2_2_004,师弟，师弟你想去哪？
Story/D_1_2_2_005,贱人，你给我滚！
Story/N_1_2_2_002,你大庭广众口出暴言之后，逃离现场，从此再也不回唐门。
Story/N_1_2_2_003,多年以后武林大会，有人在丐帮弟子中发现了疑似你的身影。\n只是那人坚称不是你，却十分痛恨唐门。
Story/N_1_2_2_004,当晚那人酒后起歹意，夜袭唐门帐篷，惨被唐门小师妹默铃以暗器击杀而死。\n临终之际，那人仍满口怨怼，恨这人间不公不义，恨自己没有生得好皮囊。
Story/D_1_2_2_006,我、我输了。
Story/D_1_2_2_007,别放心上，师弟，毕竟你练的功夫没我深，长得也没我俊嘛。\n给你赢了那才叫奇怪呢。
Story/D_1_2_2_008,说、说得也是呢。
Story/D_1_2_2_009,行了，把脸擦一擦，下次再来吧你。
Story/D_1_2_2_010,是，多谢师兄指教。
Story/D_1_2_2_011,我、我赢了？我赢了！看到了吧！我赢了！
Story/D_1_2_2_012,怎、怎么可能？我竟然会输给一个外姓弟子？
Story/N_1_2_2_005,你的胜利大出众人所料，一时众议纷纷，难以置信眼前事实。
Story/D_1_2_2_013,怎么搞的，那家伙平时那么嚣张，竟然输给外姓弟子。\n原来竟是纸扎的老虎，中看不中用啊。
Story/D_1_2_2_014,那三人平时老爱找新人麻烦，结果自己本来如此不济。\n下回他们再想作威作福，瞧我不打他们几个耳光。
Story/D_1_2_2_015,唔……可、可恶，你给我记住。
Story/D_1_2_2_016,别说了，先走吧，大家都在盯我们看。
Story/D_1_2_2_017,……很好，你过来。
Story/T_1_2_2_002,难道我终于也要成为入室弟子了吗？
Story/D_1_2_2_018,你进境很大，难得的是你无人亲传。
Story/D_1_2_2_019,你使的招数虽非出自本门，神髓却是出自本门道统。\n想是你悟性非凡，能够自出机杼。
Story/T_1_2_2_003,果然瞒不过掌门。
Story/D_1_2_2_020,你如今是－－
Story/D_1_2_2_021,掌门？您老人家－－
Story/D_1_2_2_022,……。
Story/D_1_2_2_023,掌门！
Story/D_1_2_2_024,掌门，请恕弟子得罪，要为你封穴镇压内息。
Story/D_1_2_2_025,小师妹，去为掌门取干净衣物，到炼丹房去等我。
Story/D_1_2_2_026,好。
Story/D_1_2_2_027,这、这到底是怎么回事？
Story/D_1_2_2_028,没事，掌门旧患复发，也不是什么稀奇的事情。\n别放心上，没你的事，师弟，你表现得很好。\n等到掌门病情稳定，我再向掌门提醒许你入室。
Story/D_1_2_2_029,哦，喔。
Story/N_1_2_2_006,掌门一倒下，众弟子登时乱作一团。\n你胜利时的震撼已被冲淡，当夜又有几人收拾了包袱，不辞而别离开唐门。
Story/D_1_2_2_030,师弟！想不到你竟能无师自通，还胜过了入室的师兄。\n做师兄的好生为你欢喜。
Story/D_1_2_2_031,多谢三师兄！
Story/D_1_2_2_032,待我禀报掌门，这回定能将你正式收入门墙，改宗入室。
Story/D_1_2_2_033,太棒啦！
Story/D_1_2_2_034,哼，不得不说，超乎我的想象。
Story/D_1_2_2_035,嘿嘿。
Story/D_1_2_2_036,笑什么，我没在称赞你。\n我没意料到的是本门弟子素质竟然这么差\n连一个未得正式传授的外姓弟子也打不赢。
Story/D_1_2_2_037,真是一群废物，我看你们全都欠操。
Story/D_1_2_2_038,呃。
Story/D_1_2_2_039,这回我正巧没空，就放过你们吧。\n下回段考开始，谁若输给这厮，就要来炼丹房给我试药。
Story/N_1_2_2_007,二师兄的发言，令一众弟子均汗毛直竖。\n心下均想下回段考若不巧对上了你，势必要全力以赴把你给生撕了才可以。
Story/T_1_2_2_004,哦哦，干得好呢。
Story/D_1_2_2_040,师弟，你要不要上来发表获胜感言？
Story/O_1_2_2_001,要
Story/D_1_2_2_041,承让，今天我侥幸胜了半招，\n都得感谢我父母养育之恩，还有师门栽培。\n最重要的是，我在后山遇到了一位－－
Story/D_1_2_2_042,还真的发表感言咧，你又不是当了武林盟主，别闹了。
Story/D_1_2_2_043,哈哈哈哈！
Story/D_1_2_2_044,承让，今天我侥幸胜了半招，\n都得感谢我父母养育之恩，还有师门栽培。\n最重要的是，小师妹给了我无穷的勇气。
Story/D_1_2_2_045,还真的发表感言咧，你又不是当了武林盟主，别闹了。
Story/D_1_2_2_046,哈哈哈哈！
Story/D_1_2_2_047,……。
Story/D_1_2_2_048,？……？？
Story/N_1_2_2_008,小师妹对你的发言感到百思不得其解，她不记得给过你那种东西。
Story/O_1_2_2_002,不要吧
Story/D_1_2_2_049,不要啦，你想害我变公敌吗？
Story/D_1_2_2_050,哎，难得你的生平首胜耶。
Story/D_1_2_2_051,不，我小时候跟邻居的小孩打架有赢过，我还打赢过邻居的鸡。
Story/D_1_2_2_052,哈哈哈哈，真有你的，我都不知道该说什么好了。\n天下之大，能令我哑口无言的只怕只有你了。
Story/D_1_2_2_053,恭喜啦，不过你能否改宗入室，还要看掌门说了算。\n我先给你这个当作奖励好了。
Story/D_1_2_2_054,多谢大师兄。
Story/D_1_2_3_001,师弟，你真是好样的。\n没人教你练功，你还是打赢了，我这回真的是刮目相看了。
Story/D_1_2_3_002,虽然手法有点不像本门武功，但又好像有本门武功的那味儿。\n毕竟是你自个儿参悟出来的嘛，招数稍微有点古怪也无可厚非。
Story/D_1_2_3_003,没有啦，没有你们说的那么好啦！
Story/D_1_2_3_004,这一次转正入室铁定没问题啦！\n一但你入室姓唐，到时再慢慢把你怪姿势矫正就好。
Story/D_1_2_3_005,但愿如此，这一日我盼好多年了。
Story/D_1_2_3_006,说得也是，咱们虽然叫你师弟，\n其实你比咱们同寝的大家都还资深多了。\n届时你转正了，咱们到底该叫你师兄还是师弟呀？
Story/D_1_2_3_007,干什么挤成一团，让开，挡到我们了。
Story/D_1_2_3_008,有话好好说，凶什么，还想嚣张啊？\n咱们这里也有三人，别再想倚多为胜，要不然现在出去打一架啊。
Story/D_1_2_3_009,你……！\n哼，我们走，出去吹吹风，这里臭气熏天。
Story/D_1_2_3_010,爽啦！
Story/D_1_2_3_011,我老早就看那三个作威作福的师兄不顺眼了。
Story/O_1_2_3_001,爽啦！
Story/D_1_2_3_012,哈哈哈哈！
Story/D_1_2_3_013,哈哈哈哈！
Story/D_1_2_3_014,哈哈哈哈！
Story/N_1_2_3_001,你和两位同寝的入室弟子结成了短暂的同盟，笑得好生开怀。
Story/O_1_2_3_002,别这样啦，还是以和为贵吧。
Story/D_1_2_3_015,啊……嗯，说得也是。
Story/D_1_2_3_016,看到他们垂头丧气的嘴脸，太痛快了，\n差点就变成跟他们一样的烂人了。
Story/D_1_2_3_017,毕竟同门师兄弟，还是团结比较重要。
Story/N_1_2_3_002,你给两位同寝的入室弟子泼了冷水，却也顾及了同门的情谊。
Story/N_1_2_3_003,此时，弟子房外传来敲门声。
Story/D_1_2_3_018,谁呀？我还是第一次听到弟子房门被敲响。
Story/D_1_2_3_019,我。
Story/D_1_2_3_020,小师妹！
Story/D_1_2_3_021,小、小师妹。
Story/D_1_2_3_022,嗯，师兄，三师兄想我过来跟你说一件事。
Story/D_1_2_3_023,好，你请说。
Story/D_1_2_3_024,因为爹－－因为掌门不太舒服，所以入室的事情，现在还不行。
Story/D_1_2_3_025,咦！咦？啊……这也未免……。
Story/D_1_2_3_026,……。
Story/D_1_2_3_027,……。
Story/D_1_2_3_028,……。
Story/D_1_2_3_029,小师妹？你、你干嘛？
Story/D_1_2_3_030,拍拍。
Story/N_1_2_3_004,小师妹似乎是想用她的方式要安慰你，小手轻轻的拍打你的背。
Story/D_1_2_3_031,不难过了吗？
Story/O_1_2_3_004,还有点难过，你需要多拍几下。
Story/D_1_2_3_032,拍拍。
Story/N_1_2_3_005,小师妹安静又努力的拍打你的背，就像深信这样真的具有某种疗效似的。\n专心致志，一心不乱，期望你会因此而释怀。
Story/D_1_2_3_033,不难过了吗？
Story/D_1_2_3_034,不难过了，谢谢小师妹。
Story/D_1_2_3_035,那我走了，师兄晚安。
Story/D_1_2_3_036,小师妹晚安。
Story/T_1_2_3_001,……虽说不失望是不可能的，但似乎又觉得在意料之中。
Story/O_1_2_3_005,不难过了。
Story/D_1_2_3_037,太灵验了，一点也不难过了，你是怎么办到的？
Story/D_1_2_3_038,我也不知道，我从小就有这种能力。
Story/N_1_2_3_006,小师妹看了看自己的小手，似乎有点自鸣得意。
Story/D_1_2_3_039,那我走了，师兄晚安。
Story/D_1_2_3_040,小师妹晚安。
Story/T_1_2_3_002,……虽说不失望是不可能的，但似乎又觉得在意料之中。
Story/O_1_2_3_006,一点屁用都没有好吗！
Story/D_1_2_3_041,！
Story/D_1_2_3_042,对不起，我、我走了。
Story/T_1_2_3_003,搞什么嘛，到底要何年何月我才能学真功夫啊……。\n太不公平了，这什么世道嘛。
Story/D_1_2_4_001,是不公平，那么，你便不活了吗？
Story/O_1_2_4_001,不活了。
Story/D_1_2_4_002,是吗……对人世毫不恋栈的你，想必一路走来吃了很多苦吧。
Story/D_1_2_4_003,那便睡吧，别再醒了，本宫来作你梦乡的守人。\n愿你得以超脱尘世的辛苦，愿你好梦安息，晚安，赵君。
Story/O_1_2_4_002,……我要活着。
Story/D_1_2_4_004,……这样才像话呢。
Story/D_1_2_4_005,赵君，请再努力一下吧，别让本宫失望了。\n天不佑你，还有本宫，别太灰心，棋都还没下完呢。
Story/N_1_2_4_001,获得命运之力。
Story/D_1_2_4_007,回去吧，我等你来。
Story/O_1_2_4_004,希望人间不要这么险恶
Story/D_1_2_4_008,希望人间不要这么险恶，能够对我宽容一点。\n我已经足够努力了啊……扑天盖地的恶意向我倾泄而来，我也只是一个人而已。
Story/D_1_2_4_009,本宫也希望世道能够变得温柔且宽容，少一点恶意。\n为此不惜做了很多一生也无法被人谅解的事情。
Story/N_1_2_4_002,获得命运之力。
Story/D_1_2_4_010,赵君，对不住，将这些重担强加于你。\n这便回去吧。
Story/O_1_2_4_003,能不能不用努力就变厉害。(已经无药可救的故事)
Story/D_1_2_4_006,……那便做一场长梦吧。
Story/D_1_2_5_001,醒了！
Story/D_1_2_5_002,三师兄？你在我床前作甚？
Story/D_1_2_5_003,师弟，昨日正心堂大会，掌门宣布想将衣钵传予大师兄，\n之后你便晕倒了，我才在想给你搭把脉，看看你醒转没。
Story/D_1_2_5_004,啊……对。
Story/D_1_2_5_005,我已完了，我人生一片黑暗。
Story/D_1_2_5_006,唉……师弟，小师妹虽是你受师娘所托，打小看照的，\n可如今她已是芳龄及笄的花季少女，女大当嫁，迟早该有归宿，\n你还是别太执着了。
Story/O_1_2_5_001,小师妹的归宿就是我(嘴硬)
Story/D_1_2_5_007,你……唉，子曰：『吾未见好德如好色者也。』\n大丈夫若能胸怀大志，只患功名不立，何患无妻呢？\n罢了，少年初识情滋味，谁也劝不来的，你吃点苦头就懂了。
Story/D_1_2_5_008,既然你如此顽强，那便惜取光阴，莫再卧床怨天尤人了。\n我也要回讲经阁去忙了。
Story/D_1_2_5_009,……我去打杂吧。\n光是躺着，事情可不会自己做好，总要有人做的。
Story/D_1_2_5_010,我得力求表现，争取入室，学好武功才行。\n迟早把小师妹给娶了，嘻嘻！
Story/O_1_2_5_002,你说的对
Story/D_1_2_5_011,其实我早有自知之明，从没想过癞蛤蟆吃天鹅肉。\n可即便不存非分之想，远远地看小师妹一眼，也是好的。
Story/D_1_2_5_012,唉，人间自是有情痴。\n求不得的，便索性舍了吧，人生无非如此。\n师兄我言尽于此，你好好想想吧，日子总是得过。
Story/T_1_2_5_001,……三师兄说的对，我始终得面对生活。\n小师妹本就不是该我牵挂的人，我凭何不舍呢？从今再也不想便是。
Story/D_1_2_5_013,……去打杂吧。\n光是叹气，事情可不会自己做好，总要有人做的。
Story/D_2_2_1_001,你们都来了，很好。
Story/D_2_2_1_002,这次家会，要先谈论一件大事，其他的，容后再议。
Story/D_2_2_1_003,再过两个月，便是南宫世家太上家主的百岁大寿了。\n此去江陵府南宫世家路途遥远，早作准备为佳。\n众位爱徒，可有什么切实想法没有？
Story/D_2_2_1_004,有！
Story/D_2_2_1_005,老太爷能晋期颐之寿，世所罕见。\n南宫世家不愧为武林三大世家，于养命之术，造诣颇深啊。\n南宫太上当家邀本门赴寿宴，于情于理我们是该好生筹备的。
Story/D_2_2_1_006,唐升说得对，太上当家南宫横老前辈，是方今武林最德高望重的人物之一。\n被誉称为中原第一和事佬，天下就没有他调解不了的仇怨。\n就连本座年轻气盛闯荡江湖时，也曾得过前辈的恩惠。
Story/D_2_2_1_007,我有个想法！
Story/D_2_2_1_008,南宫世家人缘极广，五湖四海都有朋友。\n届时各门各派都会献礼祝寿，本门出手，也不能太寒酸，就怕惹人非议。
Story/D_2_2_1_009,是这个道理，不过本门的家计不容乐观，实在很难大方。\n这寿礼嘛，恐怕不能太过昂贵，得从巧处着想。
Story/D_2_2_1_010,这便是本座所忧心之事。召集众弟子来，便是要集思广益，讨论出个所以然来。
Story/D_2_2_1_011,我！我！我有办法！
Story/D_2_2_1_012,掌门，恕徒儿直言。\n我以为，这次寿宴虽然重要，但以掌门贵体，实不宜出外远行。\n您座下弟子皆能独当一面，派遣弟子前往，未必算得失礼。大师兄除外。
Story/D_2_2_1_013,为什么把我除外，二师弟！？
Story/D_2_2_1_014,啊，不过我确实不想去就是了。
Story/D_2_2_1_015,本座亦在思量此事，按江湖道义，我该去才是。\n只是这不中用老身骨，受不得路途颠簸，莫要届时赴宴反而失态。\n既然铮儿这么说了，那便依你之言吧。
Story/D_2_2_1_016,是，多谢掌门采纳不肖徒儿的无知妄言。
Story/D_2_2_1_017,我的呢？怎么都没人要听我的无知妄言。
Story/O_2_2_1_001,大家还是听听大师兄意见吧。
Story/D_2_2_1_018,不愧是我的好师弟，关键时刻就是会挺我。
Story/D_2_2_1_019,既是如此，布衣，你便说吧。
Story/D_2_2_1_020,本座听着，你最好发言谨慎。
Story/D_2_2_1_021,我都还没说话，师父就开始运功了！\n这不是假定我铁定说不出好话吗？
Story/D_2_2_1_022,既然如此，那我不说得了。\n反正我只有说掌门爱听的话才不会忤逆掌门。\n那种话大家都会说，不缺我一个。
Story/D_2_2_1_023,行了，本座收回前言，你爱说什么，便说什么。\n本座最多不接纳，不至责罚你。
Story/D_2_2_1_024,这可是掌门自己说的，那我可要说了──
Story/D_2_2_1_025,我的办法就是这个寿宴，干脆不去了吧！
Story/D_2_2_1_026,山高水远，去了人家也未必诚心欢迎我们。\n万一被欢迎那就更糟了。
Story/D_2_2_1_027,你若被叫去和南宫家族人同桌，妈巴羔子的。\n左一个肩甲右一个，把你戳来戳去，看你怎么吃饭。
Story/D_2_2_1_028,我去年受师父之命前去拜访，就受过这种罪。\n一气之下把左右两边人的肩甲给掰下来了，他们居然反冲我发脾气！\n我说你一直戳我难道就不觉得抱歉吗？
Story/D_2_2_1_029,他们既然想打架，我当然奉陪。\n我一手一个刚掰下来的新鲜肩甲，搧他们耳光，哈～那真是痛快……
Story/D_2_2_1_030,住口──！！拿家法棍来！我要打死这孽畜！
Story/D_2_2_1_031,拍拍，拍拍！
Story/D_2_2_1_032,不是说好不罚的吗？
Story/D_2_2_1_033,大师兄，你这种情节特别严重，难怪掌门会发怒了。
Story/D_2_2_1_034,大师兄，你真的很离谱耶，要不得，真是要不得。
Story/D_2_2_1_035,师弟，你怎么能这样背叛我？\n我们不是一起嘲笑过肩甲的交情吗？
Story/D_2_2_1_036,我不是，我没有，你可不要含血喷人，凭空污人清白！
Story/D_2_2_1_037,好哇你，赵活，我还道你老实，却原来是一丘之貉。
Story/D_2_2_1_038,求掌门别听这厮胡言乱语，我根本不认识这人的！
Story/N_2_2_1_001,大师兄这般讲义气的人，当然是立即拖你下水，连累你一起受罚。\n由不得你分说，你便和大师兄一块被指派去清扫茅房了。
Story/D_2_2_1_039,师弟，枉我待你这么好，\n你不与我同一阵线，却帮肩甲说话！\n你走着瞧！等你不注意，我就弄两片肩甲缝你制服上笑话你！
Story/N_2_2_1_002,大师兄当众挨揍了，二师兄和你在偷笑。
Story/O_2_2_1_002,嘴攻：「因为你说的，乃是真正的无知妄言啊。」
Story/D_2_2_1_040,师弟说的再对也没有了，没人搭理你，\n你怎不知趣点闭上嘴？
Story/D_2_2_1_041,好、好嘛。
Story/D_2_2_1_042,师弟，你刚骂我那话接得满顺的，你有带纸笔吗？\n我们姑且先记下来，将来用作相声的段子。
Story/D_2_2_1_043,大师兄，你不必急于一时。\n你如此欠骂，只要你还会动，我随时能够福至心灵，推陈出新。\n保管骂到你这贱骨头通体舒畅。
Story/D_2_2_1_044,好，一言为定，那我就安心了。
Story/T_2_2_1_001,……为什么？
Story/O_2_2_1_003,(小师妹好像欲言又止？)
Story/D_2_2_1_045,启禀掌门，弟子有高见要说。
Story/D_2_2_1_046,师弟，你说错了。\n自己要说的话应该谦逊点，不能自己说自己是高见。
Story/D_2_2_1_047,说不定真是高明意见，但说无妨。
Story/D_2_2_1_048,弟子的高见就是大家都且消停一下，特别是大师兄。\n我看小师妹似乎有话要说，都是被大师兄给打断了。
Story/D_2_2_1_049,又怪我！
Story/D_2_2_1_050,是吗？铃儿，你有话想说？
Story/D_2_2_1_051,嗯，但不是重要的事。
Story/D_2_2_1_052,那个寿宴……我也想去……可以吗？
Story/D_2_2_1_053,当然不行！那些肩甲会吃人的！\n那些肩甲最爱吃的就是你这种发育不良的小不点！
Story/D_2_2_1_054,唐升，你去拿我家法杖来。
Story/D_2_2_1_055,我方才是开玩笑的，对不住小师妹，没吓着你吧？
Story/D_2_2_1_056,……没关系，大师兄说话，我从来没有当真。
Story/D_2_2_1_057,呃啊──！
Story/N_2_2_1_003,大师兄想吓小师妹不成，却反被小师妹轻描淡写一句话重创了心灵。
Story/D_2_2_1_058,铃儿想去？老是将你绑在山上，怕是闷坏了吧。\n也该是时候让你出外见见世面，你这次便跟随师兄们一道去吧。
Story/T_2_2_1_002,难得赵活如此照顾这个恬静腼腆的小师妹，\n否则连我这个当爹的，也几乎忘了顾虑女儿的感受，惭愧，惭愧。\n他说这话是高见，倒也不算说错。
Story/D_2_2_1_059,好。
Story/T_2_2_1_003,小师妹笑了。
Story/D_2_2_1_060,……。
Story/D_2_2_1_061,{size=24}谢谢师兄。{/size}
Story/N_2_2_1_004,小师妹以几若蚊声的音量向你致谢，只是你丝毫没有察觉罢了。
Story/N_2_2_2_001,这番讨论历经数个时辰，最终有了结论。
Story/O_2_2_2_001,二师兄：「献灵丹以延寿。」
Story/D_2_2_2_001,炼丹房主炉「万寿尸心丹」尚需一段时日方成，\n但可以分药，不如添料起新炉，另炼一枚速成子丹。\n虽无母丹之效，想必也不失为一枚延年益寿的灵丹。
Story/D_2_2_2_002,依弟子之见，母丹待炼成之日献予掌门补益；\n以子丹为贺礼，不知掌门意下如何？
Story/D_2_2_2_003,把未炼好的丹拿去给人家吃，这样好吗？
Story/D_2_2_2_004,我自有分寸，你少管闲事。
Story/D_2_2_2_005,那么此事便交铮儿筹备，你办事，本座也较放心。
Story/D_2_2_2_006,是，谨遵师命。
Story/D_2_2_2_007,赵活，你且其他庶务暂时搁置，过来炼丹房帮忙。
Story/D_2_2_2_008,缺人手吗？我也可以……
Story/D_2_2_2_009,那好，大师兄，你找个地方淹死你自己，便是帮了我大忙。
Story/D_2_2_2_010,哦，好，这个忙我改天有空再帮你，最近我忙得很。
Story/O_2_2_2_002,三师兄：「用我搜集的印花兑换耕阳读书斋墨宝。」
Story/D_2_2_2_011,说不得，只好献出我搜集多年的江湖快报页尾印花，\n寄回耕阳读书斋，换取名家字画。
Story/D_2_2_2_012,还可以这样？我怎么不知道？
Story/D_2_2_2_013,师弟，这是持有创刊号的忠实读者才享有的特权。\n少了创刊号的特殊印花，集再多印花也是无用，所以鲜为人知。\n据说创刊号当初只发行不到一百本，估计如今都已经被换完了。
Story/D_2_2_2_014,想当年，耕阳读书斋开始办小报的时候，\n没有名气，亦无金源，只得以此推广报纸。
Story/D_2_2_2_015,虽说本朝德政，鼓励向学，上有国子监，下有府学、州学、县学。\n但江湖人，不爱读书、不识字的也多。\n愿买报纸的，反是天桥底下、脚店里边的说书人居多。
Story/D_2_2_2_016,同是穷苦读书人，我也想出一份心力，从创刊号便开始买起了。\n虽说近两年已不买了，却也累积了不少。
Story/D_2_2_2_017,如此稀有的事物……三师兄，你未免太牺牲了。
Story/D_2_2_2_018,身外之物，留之无用。\n我倒庆幸书到用时不恨少，书中真有黄金屋。\n为了师门的名声，这印花用得义无反顾。
Story/D_2_2_2_019,我也是忠实读者。\n既然如此，我也把自己搜藏的献出来吧，并作一起，\n看看奖品会否变得更好一些。
Story/D_2_2_2_020,好，此事你们二人都出了大力，本座很是欣慰。
Story/D_2_2_2_021,作弟子的为师门分忧，本就是天经地义的事，掌门莫要折煞我们。
Story/N_2_2_2_002,你搜藏的江湖快报为数不少，三师兄大喜过望。\n借去仔细读了一遍，夜里，你俩便在灯下含泪剪下了所有印花。
Story/D_2_2_2_022,我也有一些。\n既然如此，我也把自己搜藏的献出来吧，并作一起，\n看看奖品会否变得更好一些。
Story/D_2_2_2_023,好，此事你们二人都出了大力，本座很是欣慰。
Story/D_2_2_2_024,作弟子的为师门分忧，本就是天经地义的事，掌门莫要折煞我们。
Story/N_2_2_2_003,三师兄将你的江湖快报借去，仔细读了一遍，\n夜里，你俩便在灯下剪下了所有印花，一边剪，三师兄一边落泪。
Story/T_2_2_2_001,为了一些已没用的旧书页尾，居然弄得这么悲情壮烈……。\n三师兄还是酸儒味太重，未免小题大作。
Story/T_2_2_2_002,我虽不爱搜集这种东西，但为了师门割舍了自己的宝物。\n三师兄真的是为师门鞠躬尽瘁了。
Story/N_2_2_2_004,夜里，三师兄孤身一人挑灯将江湖快报重温一次，\n含泪剪下了所有印花。
Story/O_2_2_2_003,大师兄：「帮忙干掉南宫世家的仇人。」
Story/D_2_2_2_025,师父，其实我手头有一件要事待办。这趟回家，是抄家伙来的。
Story/D_2_2_2_026,你想也别想，正谈着寿礼，你又想跑哪去！\n在这给本座老实坐着，赴宴前，哪儿也别想去！
Story/D_2_2_2_027,大师兄，正心堂掌门座前，你分毫不将本门家议放眼里吗？
Story/D_2_2_2_028,误会啊，师父，二师弟，我话还没说完呢。
Story/D_2_2_2_029,好，我让你说，我看你怎么圆。
Story/D_2_2_2_030,弟子要办的这件事，虽不是为了南宫世家着想，\n南宫世家却一定乐见其成，比送什么珍奇事物都还要合心意。
Story/D_2_2_2_031,──那便是去杀了南宫世家的仇人。
Story/D_2_2_2_032,大师兄，你没讲错吗？
Story/D_2_2_2_033,稍安勿躁，要知南宫世家最重脸面，重视仁侠道德，以武林泰斗自居。\n不单自己爱当和事佬，就连外人欺负了自家人，往往也只能委屈自己人。
Story/D_2_2_2_034,其实行走江湖，哪能真的八面玲珑面面俱到呢？\n南宫世家又非乡愿，既是江湖人，无论多少都是有血性的。\n只怕南宫世伯肚里恼恨的人，十根指头也数不来。
Story/D_2_2_2_035,不过是怕有损南宫世家宽厚为怀的形象，才放任仇家逍遥至今。\n咱们便挑其中素行最坏、十恶不赦的杀了，也算是为民除害。
Story/D_2_2_2_036,这还真不是正常人能想出的点子。
Story/D_2_2_2_037,不过不花钱的法子，便是好法子。
Story/D_2_2_2_038,为民除害是好，不过杀人贺寿，未免骇人听闻了。\n何况那还是别人的仇人。
Story/D_2_2_2_039,哼，以你而言，难得想出这么有趣的主意。\n你意有所指，说的究竟是谁？
Story/D_2_2_2_040,江湖三把刀之一的夔州谭霸刀。\n干掉他，顺路提头去江陵府贺寿。
Story/D_2_2_2_041,谭霸刀不是个正道侠士吗，南宫世家怎会与他有仇？\n就算真有仇，咱们也不能甘冒天下之大不韪，去谋杀素有侠名的正派人物啊。
Story/D_2_2_2_042,但若他是一个沽名钓誉、陷害忠良的伪君子呢？
Story/D_2_2_2_043,怎么回事？布衣，要知那谭霸刀成名以来，言行皆不踰矩。\n你敢说这话，要有所凭据，否则本座须不饶你。
Story/D_2_2_2_044,师父，这个说来话长啊。\n你也知道我四处游历的时候，偶尔会短缺盘缠。\n往往就近打听贪官污吏，或者去向绿林好汉山大王借点花使。
Story/T_2_2_2_003,敢情这家伙，竟不只在本地犯案，\n而是个纵横大江南北的惯犯。
Story/D_2_2_2_045,某一日我在街上听闻了一件奇事，\n黔州齐天寨的寨主牛长寿，你们知道吗？
Story/D_2_2_2_046,牛长寿？去年伏法的那位山大王，号称牛魔王的？\n那可是一位响当当的绿林豪杰啊，我每经他地盘，都有乖乖缴过路费的。\n缴多几次，他还反请我吃肉，之后便不再收了。
Story/D_2_2_2_047,正是此人。\n他请你吃肉不是因为和你有交情，是因为我打了他，叫他招子放亮点。
Story/D_2_2_2_048,啊……原来如此……。\n我道他怎么突然变得那么客气，多谢大师兄。
Story/D_2_2_2_049,……。
Story/N_2_2_2_005,掌门听闻自己座下大弟子打人要挟，偏生打得又是山贼。\n一时之间不知该发脾气还是该嘉勉他。
Story/D_2_2_2_050,牛长寿出身黔州，照理说就算失风，也是黔州官府办他。\n不知为何，竟被关进了夔州巫山县衙大牢之中。\n我不禁好奇，便深入探查了一番。
Story/D_2_2_2_051,岂料这一探，更是奇怪得很。\n牛长寿居然是亲自将第一交椅让与二当家以后，\n只身跑到夔州巫山县府衙门去击鼓鸣冤，升堂经审后才被拿下狱的。
Story/D_2_2_2_052,此事我也知晓，江湖快报有刊此事。\n当时我便想，这事还真是奇怪得很。
Story/D_2_2_2_053,他莫非疯了？
Story/D_2_2_2_054,我想到自己曾打过他，问他借过路费，怎么也算是相识一场。\n便在他下狱行刑之前，带了一瓶烧刀子去与他干杯。\n怎料像他那样刀头舔血的绿林草莽，见了我竟嚎啕大哭起来，我登时就──
Story/D_2_2_2_055,且慢！你怎么进去县府大牢的！
Story/D_2_2_2_056,……。
Story/D_2_2_2_057,我登时就怔住，只听他问我何处是南阳，又拜又叩，\n直嚷说世上真的有神仙，杏花林中的仙人救苦救难，诚不辜负苦心人。
Story/D_2_2_2_058,大师兄所言，可是南阳杏花林中，\n那位只要诚心祷告，就会以锦囊为人指点迷津的仙人吗？\n我以为只是江湖传说罢了！
Story/D_2_2_2_059,骗人，我也去过呀！\n我去问事，还三牲五果虔诚得很，怎么就没有给我锦囊，点化我一下？
Story/D_2_2_2_060,……四师弟，你问的莫不是如何赚大钱，之类的？
Story/D_2_2_2_061,你怎么知道。
Story/D_2_2_2_062,我推测这就是仙人不搭理你的原因了。
Story/T_2_2_2_004,杏花仙人……世上还真有神仙啊。
Story/N_2_2_2_006,南阳杏花林中有仙人隐居的事情，在你心底留下深刻印象。
Story/D_2_2_2_063,你们别跑题了，说回正事。
Story/D_2_2_2_064,那牛长寿祷告完，又向我跪拜，称我为仙使。\n我只道他真疯了，正想脚底抹油，他却收了泪，面色肃然，将原由娓娓道来。
Story/D_2_2_2_065,他心中藏着一件十多年前的大冤案。\n你们道这牛长寿原来是谁？\n他乃是十多年前江陵府官道劫案，殉职运粮官牛大人的儿子啊！
Story/D_2_2_2_066,……什么情况？说清楚一点，十多年前的事，我没印象啊。
Story/D_2_2_2_067,江陵府官道上，曾出过一件江湖人劫掠朝廷粮队的丑闻。
Story/D_2_2_2_068,相传此案，乃是当时颇有名望的南宫族人南宫禹所为。\n江湖传言他在官道上设伏劫杀粮队，为旧魔教招兵买马，准备造反。\n东窗事发后，又畏罪自戕，成为南宫世家族史上最大污点。
Story/D_2_2_2_069,若非南宫家捐出巨款托人打点，而官府亦有意息事宁人，\n只怕这事未必能轻易了结。
Story/D_2_2_2_070,正是，牛长寿怨恨官府包庇南宫世家，一怒之下才落草为寇。\n罪魁祸首既死，纵使怨恨南宫世家，也无从追究。\n岂知十几年过去，有朝竟阴错阳差，打劫到了夔州大侠谭霸刀的二房夫人座轿！
Story/D_2_2_2_071,牛长寿也吓坏了，当下连连赔礼告罪。\n那二房夫人却蛮横得紧，说是牛长寿吓着了他的孩子。\n仗着谭霸刀的名声，硬要牛长寿向未满周岁的儿子跪下谢罪。
Story/T_2_2_2_005,那二房夫人仗势欺人，这般折辱绿林豪杰，真是不知死活。
Story/T_2_2_2_006,那二房夫人竟这般大胆，宁不知自己小命还在人手头？\n那牛长寿是个大山贼，一个翻脸当场将她活埋了，只怕也无人知道。
Story/D_2_2_2_072,这一跪下，牛长寿便瞧见了那小儿脖上垂的金锁──\n那岂不是他小时候佩戴的长命锁吗！
Story/D_2_2_2_073,别的也就算了，那是他从小随身的事物，绝计没有认错的道理。\n上面刻着他的名字『长寿』二字，是他爹牛大人给他打的，一直戴到十二岁。\n几朵云纹、几钱重，事隔十多年，他仍闭着眼睛都能画出来。
Story/D_2_2_2_074,当年他爹奉旨运粮，出行那日将长命锁要来，说有此物傍身，必定出行顺利。\n牛长寿那年十五六岁，正是心气高，叛逆的年纪，脸皮薄说了些不由衷的坏话。\n怎知一语成谶，这对父子就此天人永隔，那长命锁也随官银、官粮失落了。
Story/D_2_2_2_075,谁能持有父亲死前随身携带的事物呢？不消说，只有真凶了。\n真凶不知道那『长寿』二字是牛魔王的名字，只道是吉祥话，\n便送给了亲生儿子佩戴。
Story/D_2_2_2_076,牛长寿强忍冲动，惟恐打草惊蛇连累寨中兄弟，便恭恭敬敬送走了人。\n他坐立不安，终于向南宫世家写了信求证。回信的人，是南宫禹的老母亲。\n那一日南宫禹大叔在道上设的不是埋伏，是流水席。
Story/D_2_2_2_077,南宫禹大叔素来最敬保家卫国的将士，才设了流水席，为粮队洗尘打气。\n不料却反遭奸人构陷，百口莫辩，污他是魔教信徒，更是信口雌黄。\n为保全南宫世家的清誉，才在天下人面前自戕，以证清白。
Story/D_2_2_2_078,牛长寿像发了疯似的，用尽各种绿林渠道，追查当年赃物流向。\n可是十多年过去，线索早已消失殆尽，莫说粮草，连官银也早镕铸掉了。
Story/D_2_2_2_079,他固然疑心谭霸刀，但谭霸刀在黑道上人面太广，无一人敢松口。\n若无铁证，他和南宫世家纵使有心，亦难平反。
Story/D_2_2_2_080,他是绿林匪盗，纵使粉身碎骨，\n天下又有几人肯信他所言，去怀疑大侠谭霸刀？\n自知此仇终生难报，走投无路，才去南阳杏花林泣诉冤情，叩请仙人指点。
Story/D_2_2_2_081,他在林中哭了一夜，醒来掌心里便有了那个锦囊。\n他远至巫山县衙击鼓，正是那杏花仙人锦囊示意，既是投案，也是陈情。
Story/D_2_2_2_082,那县太爷，可曾受理吗？
Story/D_2_2_2_083,受理是受理了，但上报以后，催斩的饬令却下得比彻查令更快。\n你想那牛长寿在狱中闻知此事，可有多么绝望。
Story/D_2_2_2_084,……难怪他会跪你，尊称你为仙使了。
Story/D_2_2_2_085,我可不记得有什么仙人给我托梦，指挥我过去见他。\n此事纯属机缘巧合罢了，不过既然叫我撞见了，那我便不能当作没听见。
Story/D_2_2_2_086,……慢着，依你所言，所有指向谭霸刀的不利证词皆出自此人。\n那么此人撒谎，欲害谭霸刀的可能性呢？
Story/D_2_2_2_087,人之将死，其言也善。\n何况男子汉的拳头会说话，我们打过架，我信他，多过相信谭霸刀。
Story/D_2_2_2_088,……我也信牛魔王。\n那人生来豪爽，应该没这么多心机。\n好好的山大王不作，却宁可拚得性命不要，去害一个素未谋面的成名侠客。
Story/O_2_2_2_004,支持大师兄
Story/D_2_2_2_089,大师兄你既然知情，怎不早点把那个家伙给办了？
Story/D_2_2_2_090,我的好师弟哎，我又不是没带脑子的。\n那个谭霸刀名声好，刀法又高强，南宫世家不敢轻举妄动不是没道理的。\n万一弄不好，我自己给他砍了不打紧，还连累师门名声。
Story/D_2_2_2_091,这个大师兄竟有思考的能力，会为师门考虑！
Story/D_2_2_2_092,此人必是冒牌货！
Story/D_2_2_2_093,千面人魔……？是千灯楼的传奇刺客千面人魔！\n有奸细混进唐门了，大家快齐心协力把他拿下！
Story/D_2_2_2_094,我是本尊啦！如假包换的唐布衣好吗！\n你们到底把我想得有多不堪啊！
Story/D_2_2_2_095,我不信，你让我刺你两刀子，会流血的就证明是大师兄。
Story/D_2_2_2_096,屁啦！证明同时我就没命了好吗！
Story/D_2_2_2_097,而且我并没说不干好吗？\n只是怕有闪失，回家来抄家伙、找帮手的，顺便请示一下掌门旨意吧。
Story/O_2_2_2_005,去杀别人的仇家，会不会管太宽？
Story/D_2_2_2_098,这……虽说我感同身受，但师弟所言似乎也有道理。\n这是南宫世家的旧仇，咱们乱插手，说不定反惹一身腥。\n何况不打招呼就帮人料理了，似乎也不大合礼数，最好还是从长计议。
Story/D_2_2_2_099,师弟，我觉得不对。\n路见不平，拔刀相助，这才是我辈热血侠士所当为之事。\n若闻知这等不平事，都能不为所动，那侠义精神也荡然无存了。
Story/D_2_2_2_100,我不妨坦白说了吧，这事打从我听说以来，就管定了。\n只是那谭霸刀在夔州威名颇盛，我没有十足的把握，\n所以姑且回家一趟抄家伙，找帮手，顺便请示掌门。
Story/N_2_2_2_007,说到这里，大师兄不怀好意的眼神向你扫射过来。
Story/D_2_2_2_101,别看我，你都没把握，带上我这累赘也没有好果子吃的。
Story/D_2_2_2_102,我什么话都还没说呢，虽然我等下还是要说。
Story/D_2_2_2_103,反正你说什么我一概不答应就是了。
Story/D_2_2_2_104,我请求你不要跟我去涉险，你竟不肯答应？你果真够义气呀师弟！
Story/D_2_2_2_105,少来这老套，掌门你看他啦！
Story/D_2_2_2_106,大师兄，此事事关重大，请示掌门怎么能是顺便呢。
Story/D_2_2_2_107,本座准了。
Story/D_2_2_2_108,布衣，你平日形骸放浪，素为本座不喜，但你里子终究是侠骨丹心。\n在大节上未曾有亏，本座很是欣慰。\n这事既然给唐门中人听见了，当然就得着落在咱们头上办了。
Story/D_2_2_2_109,不愧是师父，我就知道您一定同意。
Story/D_2_2_2_110,铮儿，你与布衣同去。\n若查明确有此事，务求一击必杀，切莫纵虎归山。
Story/D_2_2_2_111,是，弟子谨遵师命。
Story/T_2_2_2_007,二师兄最爱跟大师兄唱反调，这回竟然二话不说一口答应。\n可见他虽然不吭声，实际上也是义愤填膺吧？
Story/D_2_2_2_112,师父，我想趁此机会，带师弟一道去历练。
Story/D_2_2_2_113,我？我武艺低微，去了能干什么？
Story/D_2_2_2_114,你可以用脸吓他。
Story/D_2_2_2_115,你他妈！
Story/D_2_2_2_116,你不想见证高手过招的场面吗？
Story/D_2_2_2_117,那当然是想看的，但问题是我会有生命危险啊。
Story/D_2_2_2_118,行走江湖，本来就是玩命的事。
Story/D_2_2_2_119,你要玩就玩自己的，别玩我的命啊！
Story/D_2_2_2_120,哈哈哈哈哈！
Story/D_2_2_2_121,赵活，那你跟着去当作历练吧。\n谅那谭霸刀也奈何不了你二位师兄。
Story/D_2_2_2_122,{size=24}师弟，掌门都发话了，你还不把握机会表现。{/size}
Story/D_2_2_2_123,是，弟子谨遵掌门旨意！
Story/N_2_2_2_008,掌门一发话，你满腔不情愿顿时化作千百个愿意了。
Story/D_2_2_2_124,笑什么笑，你也要一起去。
Story/D_2_2_2_125,为啥！我武艺低微，去了也帮不上忙呀！
Story/D_2_2_2_126,我们不知那谭霸刀手底多硬，贸然动手恐怕吃亏，\n这时便可推你上前试他深浅，这就叫做天生我材必有用。\n你这废柴终于要派上用场了，值得高兴，是吧？
Story/D_2_2_2_127,一点也不值得高兴！我用处多的是，好吗！
Story/D_2_2_2_128,不愧是二师弟，心思真缜密，好计策。
Story/N_2_2_2_009,二人无视你的抗议，决定要带你一起去讨伐武林败类，你慌张得不得了。
Story/D_2_2_2_129,我最近金钱镖用得太凶，没钱了，得去找些贪官污吏借。\n晚几日出发，大家悠哉点，养足了精神好上路。
Story/D_2_2_2_130,用不着你说。
Story/D_2_2_2_131,大师兄，原来你那是真钱啊。\n你要是拿去射四师兄，他一定很欢喜。
Story/D_2_2_2_132,这就是为什么我和四师弟打架时，都喜欢直接用脚踢。
Story/D_2_2_3_1_001,师弟，你可来啦。
Story/D_2_2_3_1_002,这几天我冷静想了想，又去向人打听了谭霸刀的生平事迹。\n他出道以来，在夔州一带行侠仗义，把从前横锁长江的盐帮赶出自己地界。\n生平最出名的一战，便是将西夏金刀拓拔豹整个人劈成两半，对吗？
Story/D_2_2_3_1_003,对呀，真残忍。
Story/D_2_2_3_1_004,再等我一下，我要去跟小师妹道别……说不定就是最后一面了。
Story/D_2_2_3_1_005,没那么夸张啦，说不定我一个人就能搞定了。\n再不然，我和二师弟总能拉上你逃跑的吧。
Story/D_2_2_3_1_006,我就鼓起勇气问了：我能临阵脱逃吗？
Story/D_2_2_3_1_007,不能。
Story/D_2_2_3_1_008,好吧。
Story/D_2_2_3_1_009,我已经做好赴死的准备了。
Story/D_2_2_3_1_010,没那么夸张啦，说不定我一个人就能搞定了。\n再不然，我和二师弟总能拉上你逃跑的吧。
Story/D_2_2_3_1_011,师兄，爹叫我来送你们。
Story/D_2_2_3_1_012,小师妹，这儿有三个师兄，你方才那声师兄喊的是谁呀？
Story/D_2_2_3_1_013,都有。
Story/D_2_2_3_1_014,包含我吗？
Story/D_2_2_3_1_015,嗯！
Story/D_2_2_3_1_016,唔──嗯……。
Story/D_2_2_3_1_017,……路上小心。\n我之后才和三师兄、四师兄一道去。
Story/D_2_2_3_1_018,那便江陵府见啦，你去吧。
Story/D_2_2_3_1_019,好。
Story/D_2_2_3_1_020,小师妹叫我路上小心……嘿嘿。
Story/D_2_2_3_1_021,好，那便出发吧。\n此去夔州，约有一千五百多里路，最多十来日就到了。
Story/D_2_2_3_1_022,大师兄，你有毛病吗？那可是一千五百里路！\n假若日行六个时辰，全程用跑的少说都要花上一个月！
Story/D_2_2_3_1_023,不会～吧？我感觉没那么久啊，你脚怎么那么短？
Story/D_2_2_3_1_024,请别以己度人，你外号飞侠，就算二师兄跟得上你，我也跟不上。
Story/D_2_2_3_1_025,我跟不上他，也没打算跟他比脚程。\n没人会去跟猴子比爬树。
Story/D_2_2_3_1_026,咦？我们小时候不是曾经和猴子较劲过吗？
Story/D_2_2_3_1_027,对呀，你自从摔下树来，就一直像今日这般愚蠢。闭嘴启程吧。
Story/D_2_2_3_1_028,哇……二师弟的嘴也很毒耶。\n相声加他一个，你看成吗？
Story/D_2_2_3_1_029,二人一猴的组合，倒也新鲜。\n不过光看我和二师兄冲着猴子狂骂，也挺不人道的就是了。
Story/D_2_2_3_1_030,果然最狠的莫过于师弟你呀，有够带劲。
Story/D_2_2_3_1_031,你说行就行，讲真的不要跑太快呀！
Story/O_2_2_3_1_Travel_03_Break_01_001,休息
Story/O_2_2_3_1_Travel_03_Break_01_002,奄奄一息
Story/N_2_2_3_1_Travel_03_Break_01_001,你委实累坏了，心力交瘁，生火吃过干粮后，便倒下了。\n当下忽冷忽热，浑身筋肉酸痛，反复梦呓。
Story/D_2_2_3_1_Travel_03_Break_01_001,……大师兄，看你干的好事。
Story/D_2_2_3_1_Travel_03_Break_01_002,我哪知道这家伙体力这么差，这就病倒了。\n二师弟，你医术精湛，能否扎他几针，令他活蹦乱跳。
Story/D_2_2_3_1_Travel_03_Break_01_003,有，我可以施展回魂针。\n扎完他会回光返照，大约半个时辰后便会一命呜呼。
Story/D_2_2_3_1_Travel_03_Break_01_004,那还是不要扎比较好。
Story/D_2_2_3_1_Travel_03_Break_01_005,麻烦……帮我带话……给我心上牵挂的姑娘……。\n说我时时牵挂着她……若有来世……希望我能生得俊俏一点……。
Story/D_2_2_3_1_Travel_03_Break_01_006,我要在他大椎、曲池、合谷、外关穴上施针。\n你去打点清水过来烧开，待会让他就水服下本门万灵油。
Story/D_2_2_3_1_Travel_03_Break_01_007,万灵油不是已随药典失传了吗？你竟使它再现江湖了吗？
Story/D_2_2_3_1_Travel_03_Break_01_008,试作品而已。
Story/N_2_2_3_1_Travel_03_Break_01_002,行旅间没有药箱，可万幸有二师兄作为旅伴。\n万灵油兑水匀开，既清凉又呛辣，你且啜且吸，夜里高烧便褪去了。
Story/O_2_2_3_1_Travel_03_Break_01_003,大师兄：我就叫你不要跑那么快
Story/D_2_2_3_1_Travel_03_Break_01_009,咦？我有刻意放慢脚步啊。\n基本上还是用走的居多吧。
Story/D_2_2_3_1_Travel_03_Break_01_010,你那叫慢？你窜到树梢上蹬，叫做走吗？\n你好好的山道不走，直接往悬崖下面跳，叫做走吗？
Story/D_2_2_3_1_Travel_03_Break_01_011,那不是悬崖，只是比较高的山坡而已。
Story/D_2_2_3_1_Travel_03_Break_01_012,屁啦！
Story/N_2_2_3_1_Travel_03_Break_01_003,白天赶路已经够累了，和大师兄说话使你备感乏力。
Story/O_2_2_3_1_Travel_03_Break_01_004,二师兄：我筋肉酸痛
Story/D_2_2_3_1_Travel_03_Break_01_013,真是半点用处也没有的废物。
Story/D_2_2_3_1_Travel_03_Break_01_014,唐门又没教我武功，我都是自己乱练的。\n倒不如说我能跟得上不掉队，已经很了不起了。
Story/D_2_2_3_1_Travel_03_Break_01_015,……算你有理。
Story/D_2_2_3_1_Travel_03_Break_01_016,啊！你拿什么丢我？\n我都这样惨了，你还丢我！
Story/D_2_2_3_1_Travel_03_Break_01_017,生龙活虎丹。\n吃了调息消化药力便去睡，别再吵我。
Story/T_2_2_3_1_Travel_03_Break_01_001,二师兄闭眼打坐休息了，大师兄……在树梢上睡。
Story/T_2_2_3_1_Travel_03_Break_01_002,我也吃了药，早点休息吧。
Story/N_2_2_3_1_Travel_03_Break_01_004,你服下药丸，打坐行气一周天，便和衣睡下了。
Story/O_2_2_3_1_Travel_03_Break_01_005,奄奄一息
Story/D_2_2_3_1_Travel_03_Break_01_018,我这次是不行了。\n我已经快累死了，我感觉全身筋肉都在溶解，\n我在发烧，我一定是快死了。
Story/D_2_2_3_1_Travel_03_Break_01_019,别这么小题大作的，人哪有这么容易死？
Story/D_2_2_3_1_Travel_03_Break_01_020,有。\n你此刻去小解，看尿液颜色是否为深茶色？
Story/D_2_2_3_1_Travel_03_Break_01_021,我刚上过，确是有点像。\n我会死？我刚是开玩笑的，我真会死？
Story/D_2_2_3_1_Travel_03_Break_01_022,此症为肺、脾、肾失调，气血不足，热毒侵体导致经络闭塞。\n属于肌疲痿症，若不及时医治，就算不死也会伤体魄。
Story/D_2_2_3_1_Travel_03_Break_01_023,救、救命啊二师兄！
Story/D_2_2_3_1_Travel_03_Break_01_024,我有速效法可解此症。\n那便是以我阴属内功助你驱热疏风，再服草药凉血解毒。
Story/D_2_2_3_1_Travel_03_Break_01_025,二师弟，你今日怎么如此通情达理？\n我以为你总会先骂一顿再医。
Story/D_2_2_3_1_Travel_03_Break_01_026,因为此症很有趣，我还没怎么碰过。\n刚好拿他做实验，验证想法。
Story/D_2_2_3_1_Travel_03_Break_01_027,不要拿我做实验啊！
Story/D_2_2_3_1_Travel_03_Break_01_028,不然你也可以选择去死，我不拦你。
Story/D_2_2_3_1_Travel_03_Break_01_029,救我，我愿意协助实验。
Story/D_2_2_3_1_Travel_03_Break_01_030,嘿，这可是你说的，先来把脉。
Story/D_2_2_3_1_Travel_03_Break_01_031,你体质也是属阴，那便无妨，顺利的话，片刻便可痊愈。
Story/D_2_2_3_1_Travel_03_Break_01_032,你体质属阳，如果助你，势必与你内功冲突，于经络有损。\n你可要想好了，要只服草药，损伤体魄还是由我相助，损伤内力？
Story/O_2_2_3_1_Travel_03_Break_01_006,只服草药
Story/D_2_2_3_1_Travel_03_Break_01_055,这可是你自己选的，事后可别埋怨我袖手旁观。\n总之吃了这药，便不至于会死吧。明日起晚些，多喝水，走慢点就没有大碍。
Story/N_2_2_3_1_Travel_03_Break_01_005,经二师兄施治之后，你症状稍减，只是感觉身体从此虚弱了几分。
Story/O_2_2_3_1_Travel_03_Break_01_007,快帮我
Story/N_2_2_3_1_Travel_03_Break_01_006,经二师兄施治之后，你症状转眼痊愈，只是内息从此发生了变化。\n以往温热的内息变得清清凉凉的，不太习惯。
Story/D_2_2_3_1_Travel_03_Break_01_033,……你的内功，是怎么练的？
Story/D_2_2_3_1_Travel_03_Break_01_034,他内功怎么了？
Story/D_2_2_3_1_Travel_03_Break_01_035,刚柔并济，阴阳调和。\n这是道家内功才有的气象。
Story/D_2_2_3_1_Travel_03_Break_01_036,当真？师弟，你还真行啊。
Story/D_2_2_3_1_Travel_03_Break_01_037,没有啦，我也不知道怎么变这样的，就胡乱练练。
Story/D_2_2_3_1_Travel_03_Break_01_038,先别得意太早，你这气功兼有阴阳，我即使输入内力助你导息归元，\n也会被你阳气化消，若使猛力，又会伤你丹田。
Story/D_2_2_3_1_Travel_03_Break_01_039,那怎么办？
Story/D_2_2_3_1_Travel_03_Break_01_040,不知道，此症已超乎我能为。\n为今之计，你只能服了草药，多喝水，调息便睡。\n明日睡晚些，令筋力复原。
Story/D_2_2_3_1_Travel_03_Break_01_041,你的筋骨势必会受此症所伤，这都是你大师兄惹的祸。\n往后多服强筋健骨的补益之药吧。
Story/D_2_2_3_1_Travel_03_Break_01_042,我恨你，大师兄！
Story/D_2_2_3_1_Travel_03_Break_01_043,对不起啦，谁叫你身子骨那么虚的。
Story/N_2_2_3_1_Travel_03_Break_01_007,你的症状配合体质，连二师兄也束手无策，只能服药调息。\n翌日睡到自然醒后，高烧虽退，四肢却仍然乏力，果然筋骨已受损伤。
Story/O_2_2_3_1_Travel_03_Break_01_008,大师兄：应该快到了吧
Story/D_2_2_3_1_Travel_03_Break_01_044,你的脚程倒是超乎我想象得快。\n虽说我走走停停，但你居然还能勉强跟上我。
Story/D_2_2_3_1_Travel_03_Break_01_045,勉强而已。\n其实何必那么赶呢？寿宴日子还早啊。
Story/D_2_2_3_1_Travel_03_Break_01_046,此言差矣，早到夔州，万一事情有变故，\n咱们还能随机应变一下，把时间捉得太紧，不是上策。
Story/D_2_2_3_1_Travel_03_Break_01_047,说得也是。
Story/D_2_2_3_1_Travel_03_Break_01_048,而且你看，走得快也有好处。\n事情办完，还能空出几日清闲日子到处游玩，是吧？二师弟。
Story/D_2_2_3_1_Travel_03_Break_01_049,我没空。事情一办完，我便启程回成都府。
Story/D_2_2_3_1_Travel_03_Break_01_050,你连南宫前辈的面子也不给吗？\n掌门不能来，你得代表本门啊，你就不怕我作怪吗？
Story/D_2_2_3_1_Travel_03_Break_01_051,……竟然威胁我吗。
Story/N_2_2_3_1_Travel_03_Break_01_008,大师兄的恫吓十分有效。\n二师兄沉吟半晌，决定以大局为重，出席寿宴。
Story/O_2_2_3_1_Travel_03_Break_01_009,二师兄：我快累死了，有遗言想交代
Story/D_2_2_3_1_Travel_03_Break_01_052,……你有什么遗言，交代你大师兄去，别来找我。
Story/D_2_2_3_1_Travel_03_Break_01_053,不要这样啦，二师兄，你还有什么灵丹妙药，快拿出来给我吃啦。
Story/D_2_2_3_1_Travel_03_Break_01_054,有你这般求人的吗？灵丹妙药没有了。\n我沿路采的草药，可助你活血顺气，你自己熬成药汁。
Story/N_2_2_3_1_Travel_03_Break_01_009,你依二师兄指示，打来清水，便在火上用随身小锅煮药。\n二师兄从旁指点，你于烹药之法颇有领悟。
Story/N_2_2_3_1_Travel_03_Break_Start_01_001,夜深了，二位师兄分坐两边，并不交谈。
Story/D_2_2_3_2_001,子炉已热好了吧？\n稍后我一开主炉，你即刻便以剪子分药。
Story/D_2_2_3_2_002,万事俱备，只欠东风。
Story/D_2_2_3_2_003,很好，为防药力逸散，鼎盖只能开一瞬，你需得眼捷手快。\n莫迟了被夹断手臂，却反来怪我。
Story/D_2_2_3_2_004,知、知道了。
Story/D_2_2_3_2_005,你若没有问题，便做好准备。
Story/O_2_2_3_2_001,没有问题。
Story/D_2_2_3_2_006,很好。
Story/O_2_2_3_2_002,这药的名堂为何听来如此骇人？
Story/D_2_2_3_2_007,『万寿尸心丹』听起来实在不太吉利耶，这真的适合作贺寿礼吗？
Story/D_2_2_3_2_008,哼，见识浅薄的小子。\n医毒同源，剂量过大的灵药等如毒药，剂量适中的毒药也能治病。\n以毒攻毒，本就是药理的一环。
Story/D_2_2_3_2_009,废话少说，做好准备。
Story/D_2_2_3_2_010,默数三声，等我讯号──就是现在！
Story/D_2_2_3_2_011,二师兄，药剪好了。
Story/O_2_2_3_2_003,送礼要大方，剪多一点
Story/D_2_2_3_2_012,你这白痴，你剪太多了！\n不是说了要你剪三之一吗？
Story/D_2_2_3_2_013,我、我就怕手被夹到啊，只开盖一下，很难拿捏。
Story/D_2_2_3_2_014,让你剪个东西，竟也做不好。\n你这人活着还有何用处？废物！低能！\n找你帮手就是我唐铮一生最蠢的决定！
Story/D_2_2_3_2_015,唔……。
Story/D_2_2_3_2_016,……够了，你将子炉中的药再一分为二，\n制成二丸，否则你剪那药量，在剩余时日内无法挥发提炼。\n效力过强，服之非但无益反而有害。
Story/D_2_2_3_2_017,哦，好，我马上去办。
Story/D_2_2_3_2_018,今日起，子炉的火候便由你顾。\n每日子时阳水添木相生，午时阳火添水相克。遇有下雨的日子，便需在炉外添土。\n若再出差池，你就等死吧。
Story/D_2_2_3_2_019,好啦。
Story/N_2_2_3_2_001,你笨拙的操作，激怒了二师兄。\n但你从他的怒火之下幸存了。
Story/N_2_2_3_2_002,你将被褥抱进炼丹房，日夜看照着炉火，不敢怠慢。\n唯恐再出乱子，你分毫不敢大意，花了许多时日，总算将丹药练成了。
Story/D_2_2_3_2_020,二师兄，二师兄！你看这丹，是不是成了？
Story/D_2_2_3_2_021,嗯，你吃一粒试试。
Story/D_2_2_3_2_022,哈？我吃？这丹药不是很贵重吗？
Story/D_2_2_3_2_023,打从你剪多那一刻起，这丹的药性便脱离计算了。\n你这始作俑者若不试药，我找谁负责去？
Story/D_2_2_3_2_024,这药该不会吃死人吧？
Story/D_2_2_3_2_025,为的便是不让南宫世伯被药力所害，才要你先试。\n废话少说，给我吞下去。
Story/N_2_2_3_2_003,迫于二师兄淫威，你不得不吞下药丸。\n过了片刻，感到一股热力隐隐从腹中涌上，热辣辣的越来越痛。
Story/D_2_2_3_2_026,不、不对劲！这药让我肚子好痛！\n救命啊二师兄！我要死啦！
Story/D_2_2_3_2_027,……。
Story/N_2_2_3_2_004,二师兄手指搭上你的腕脉，面不改色。
Story/D_2_2_3_2_028,别鬼吼鬼叫的，静待片刻，便会好转。
Story/N_2_2_3_2_005,果不其然，那股热辣辣的药力散入四肢百骸，\n由热转温，说不出的受用。
Story/D_2_2_3_2_029,……真的耶，好像没事了，还挺舒服的。\n不过到时南宫家主也要这样痛一次吗？该不会以为你谋杀吧。
Story/D_2_2_3_2_030,放心，只有你这厮吃了才会肚子痛。
Story/D_2_2_3_2_031,为啥！连一枚丹药都对我差别待遇！
Story/D_2_2_3_2_032,哼，与其在这问东问西，倒不坐下运功，吸纳药力。\n天大的机缘也不懂珍惜，白痴。
Story/D_2_2_3_2_033,哦，好！
Story/N_2_2_3_2_006,你因祸得福，服下万寿尸心丹子丹，运气调息，体魄内功均大有长进。
Story/O_2_2_3_2_004,听命行事
Story/D_2_2_3_2_034,做得好。妙到巅毫，分厘不差。
Story/D_2_2_3_2_035,当真？好险，好险。\n我下剪时心跳都快停了，就怕剪歪了给你骂。
Story/D_2_2_3_2_036,你若剪歪，我绝不骂你，我会直接宰了你。
Story/D_2_2_3_2_037,至于那么严重吗！
Story/D_2_2_3_2_038,至于。
Story/D_2_2_3_2_039,至少小命保住了，庆幸吧。\n即日起，子炉的火候便由你顾。
Story/D_2_2_3_2_040,记得，每日子时阳水添木相生，午时阳火添水相克。\n遇有下雨的日子，便需在炉外添土。\n只要你不出差池，不消半月便能大功告成。
Story/D_2_2_3_2_041,好。
Story/N_2_2_3_2_007,你将被褥抱进炼丹房，日夜看照着炉火，不敢怠慢。\n那丹药终于如期制成，二师兄很是满意。
Story/N_2_2_3_2_008,你将被褥抱进炼丹房，日夜看照着炉火，\n只是未免无聊，又到讲经楼取了些闲书来读。\n二师兄看在眼里，也没意见。过得几日，那丹药还是如期制成了。
Story/O_2_2_3_2_005,给外人太浪费，剪少一点
Story/D_2_2_3_2_042,……剪得太少了。\n我说了要你剪三之一的吧？
Story/D_2_2_3_2_043,抱歉，一时心慌，没剪好，怎么办才好呢？
Story/D_2_2_3_2_044,无妨，倒不如说，正合我意。
Story/D_2_2_3_2_045,想那南宫家主何德何能？此丹赠他，未免暴殄。\n剪少了正好，你将药丸揉开，按我给你的方子再捣些生药和油膏进去。
Story/D_2_2_3_2_046,今日起，子炉的火候便由你顾。\n每日子时阳水添木相生，午时阳火添水相克。遇有下雨的日子，便需在炉外添土。\n此丹可望速成，用不了你多少光阴。
Story/D_2_2_3_2_047,好。
Story/N_2_2_3_2_009,你将被褥抱进炼丹房，日夜看照着炉火，\n要不了几日，药汁收干，那丹药便顺利制成了。
Story/D_2_2_3_3_001,不过二师兄，这丹药是出自本门毒经的丹方吗？\n这名字取得怪吓人的，不像是补药，反像是毒药。
Story/D_2_2_3_3_002,此丹并非出自本门毒经，但的确是毒药。
Story/D_2_2_3_3_003,真是毒药！？
Story/D_2_2_3_3_004,此方源自旧魔教右护法遗方《尸心虫》，是来自天竺的奇毒。\n据说可以钻入人心，伪装成心脏血肉，即令是经验老道的名医也难以察觉。
Story/D_2_2_3_3_005,不按时服药镇压，就会啖食患者心脏血肉，同时释出剧毒黏液，\n使患者心血如沸，状若疯魔，饱受折磨方死。
Story/D_2_2_3_3_006,世间竟有如此可怕的毒虫！
Story/D_2_2_3_3_007,等等，你让我吞的那丹药，真没问题吧？
Story/D_2_2_3_3_008,你稍安勿躁便是，急什么，我都还没说完。
Story/D_2_2_3_3_009,它窝藏在心脏，等闲大夫难以施为。\n当年危祸武林不浅，人人为之色变。\n然而此虫是为了折磨人而炼成，通常不能即刻害人性命。
Story/D_2_2_3_3_010,若是遇着本门功力精纯之人，如非性命垂危，被趁虚而入，\n否则这尸心蛊一入体就会被我们自身毒功给毒死。
Story/D_2_2_3_3_011,原来我们这么毒。
Story/D_2_2_3_3_033,它真正厉害的，乃是可以同化成人身血肉的特异功能。\n我独门研制的『万寿尸心丹』便是运用了这种特性。
Story/D_2_2_3_3_012,你的意思是说……？
Story/D_2_2_3_3_013,倘若人身脏腑受损，可用尸心虫修补呢？
Story/D_2_2_3_3_014,这、这手法也太骇人听闻了。\n似乎有违当代医理的样子，实在不敢恭维啊。
Story/D_2_2_3_3_015,蠢材，遍地都是你这种思想迂腐之人。\n医道该如何进步？够了，与你这庸人多言也是无益。
Story/D_2_2_3_3_016,莫非这丹竟是活的吗？
Story/D_2_2_3_3_017,哼，当然不是活的，但此虫研碎后的毒性、特性犹存。\n有望成丹，内服溶于血中，送诸四肢百骸，便能可能修复内伤。
Story/O_2_2_3_3_001,真厉害吶
Story/D_2_2_3_3_018,哼，连你这厮，也该知道此丹的价值了吧。
Story/D_2_2_3_3_019,若有此丹，说不定掌门贵体有望康复！\n到时重出江湖，什么点苍全真都不在话下了。
Story/D_2_2_3_3_020,这倒是不错，不过事关重大，不可轻率。\n未加充分验证便施用于人体，乃是下策中的下策。
Story/D_2_2_3_3_021,我正愁没人来替我试药，你和南宫家主便自己送上门来了。
Story/D_2_2_3_3_022,我正愁没人来替我试药，南宫家主便自己冒出来了。
Story/D_2_2_3_3_023,否则此药如此珍贵，焉能分与旁人？
Story/T_2_2_3_3_001,二师兄作风果然仔细，虽说有点可怕，却可靠的很。
Story/O_2_2_3_3_002,保留意见
Story/D_2_2_3_3_024,此丹若能成，想必二师兄可以留名青史。\n只是感觉风险也不小的样子，二师兄三思呀。
Story/D_2_2_3_3_025,留不留名根本无关紧要，但确如你所言，\n越是效果灵验的药物，越需谨慎验证。
Story/D_2_2_3_3_026,可惜的是，此丹炼制过程极为繁琐，材料亦难得。\n尸心虫须以人血、毒花草喂养，逐日加大剂量避免它死于毒素。\n而后炼制成丹更需数载光阴。
Story/D_2_2_3_3_027,施用于人体，也需要十至数十年光阴，观察有无后遗症状，\n纵使堪用，距离无害亦差得老远，此丹毕竟有毒，\n恐怕非我唐门中人难以消受，终我一生，能否完成亦未可知。
Story/T_2_2_3_3_002,原来二师兄想的那么深远。\n我以为他作风那么狠辣，会上街随便抓人乱验药。\n到头来，他所悬念者终是师门。
Story/N_2_2_3_3_001,你隐约窥见了二师兄无情面孔后掩藏的真心，\n对其人的认同感稍微加深了些。
Story/O_2_2_3_3_003,真恶心吶
Story/D_2_2_3_3_028,什么真恶心，你吗？你的脸吗？
Story/D_2_2_3_3_029,不，我是说用虫来修补身体，令人心里挺疙瘩的吧？\n总觉得心情这关便过不去。
Story/D_2_2_3_3_030,万一它到时不听使唤，在我身体里乱窜怎办？
Story/D_2_2_3_3_031,最不该留在你身体里的，就是你那颗无能的大脑。\n你何不撬开头壳，把脑子扔掉，身体更轻快些，反正脑子于你而言毫无用处。
Story/D_2_2_3_3_032,好过份！
Story/N_2_2_3_3_002,你见识了二师兄的毒舌，心情大受影响。
Story/D_2_2_3_4_001,好，终于到了。
Story/D_2_2_3_4_002,镇子便在下边，谭霸刀那种有名望的人物，应该会住在体面豪宅里吧。
Story/D_2_2_3_4_003,正是，不过镇上都是他的耳目，咱们若要商议对付他的办法，\n还是在此得出定论较妥吧。
Story/D_2_2_3_4_004,至于此人行踪，倒毋需多虑。\n他近日沉迷于我一位朋友的琴艺，每日都上画舫听曲喝酒。\n我们上船去，准能找到他。
Story/D_2_2_3_4_005,既然如此，便稍事修整，稍候再议。
Story/D_2_2_3_4_006,二师弟，茅厕在那个方向。
Story/D_2_2_3_4_007,我这是要去周遭巡视，确保我等议论之时不会走漏风声，白痴！
Story/D_2_2_3_4_008,他骂我，我明明是好意。
Story/D_2_2_3_4_009,你有没有试过一天没被人骂的？
Story/D_2_2_3_4_010,我和小娘子们在一块儿的时候，\n她们都不骂我，还会说一些好话夸我。
Story/D_2_2_3_4_011,我一点也不忌妒你，你那些小娘子加起来，也没小师妹一根小指头好。
Story/D_2_2_3_4_1_001,……停。
Story/D_2_2_3_4_1_002,敢问大爷，可是奴家曲误了吗？
Story/D_2_2_3_4_1_003,与你无关，是这画舫上来了不速之客。\n只怕刀剑无眼，惊吓了小娘子，你且随船夫乘小船，去岸上等候，\n待本大爷打发这几个宵小之辈之后，再唤你回来弹奏。
Story/D_2_2_3_4_1_004,是。
Story/D_2_2_3_4_1_005,谭前辈，扰了你听曲的雅兴，真是抱歉。\n晚辈三人有件旧事，想当面请教，还请不吝解惑。
Story/D_2_2_3_4_1_006,哼，谭某人有何义务答你？不像话。\n瞧你三人服色，该不会是四川唐门的弟子吧？
Story/D_2_2_3_4_1_007,{size=24}妈的，师弟，冒充牛魔王兄弟这招失败了！{/size}
Story/D_2_2_3_4_1_008,{size=24}我以为唐门式微，天下再也没人认得我们的制服了！{/size}
Story/D_2_2_3_4_1_009,咳嗯。
Story/D_2_2_3_4_1_010,前辈好眼力，晚辈正是唐门首席弟子唐布衣。
Story/D_2_2_3_4_1_011,哦，你便是唐布衣，听说你招惹不少风流债，号称飞侠。\n嘿，果然生就一张专骗女人的兔儿郎面相。
Story/D_2_2_3_4_1_012,这位是我二师弟，人称辣手相公的唐铮。
Story/D_2_2_3_4_1_013,你介绍我干嘛？
Story/D_2_2_3_4_1_014,敢自称相公，你对自己的手段很有自信啊。
Story/D_2_2_3_4_1_015,我可不记得曾经这样自称过。
Story/D_2_2_3_4_1_016,那剩下这个又是谁？这个……。
Story/D_2_2_3_4_1_017,……！？
Story/N_2_2_3_4_1_001,还未开战，你已用气势灭了对头几分威风。\n谭霸刀明显被你吓到了。
Story/D_2_2_3_4_1_018,这个不男不女的丑东西，哈哈！\n真没见过人长这么丑，很好，今日爷算增广了见闻。
Story/D_2_2_3_4_1_019,唔！
Story/N_2_2_3_4_1_002,你遭人劈头便是羞辱，还未开战，心气已馁了几分。
Story/D_2_2_3_4_1_020,这位是本门隐藏的绝世高手。\n前辈请放心，若没有必要的话，你不会见到他出手。
Story/D_2_2_3_4_1_021,你道谭某人是初出茅庐的小子吗？你想虚张声势吓唬我？\n你唐门高手早已伤亡殆尽，想找谭某麻烦，你家掌门亲自出山还差不多。\n派出你们三个后生小子，未免将谭某人的破山斩看得太轻。
Story/N_2_2_3_4_1_003,说着，谭霸刀轻抚爱刀，目光如电，直射得你胆寒。
Story/D_2_2_3_4_1_022,后生岂敢轻看前辈？只是有些是非曲直，却迟早得水落石出。
Story/D_2_2_3_4_1_023,这是齐天寨牛长寿于狱中写下的遗书，谭前辈可想看一看？
Story/D_2_2_3_4_1_024,一介山贼的遗言，与我何干？\n他劫了我家座轿，但既没动人毫毛，谭某就没跟他计较。\n莫非他自己失心疯去投狱伏法，也算在我头上？
Story/D_2_2_3_4_1_025,谭前辈，你至今不知牛长寿何许人也吧？\n你儿子脖子上挂那块长命锁，便是他的。\n十几年前江陵府官道上的案子，莫说你已忘了。
Story/D_2_2_3_4_1_026,──胡说八道！谭某不清楚你在说什么。
Story/D_2_2_3_4_1_027,那这遗书，我交给南宫世家也无所谓啰？\n昔年南宫禹大侠的冤屈，只怕他们还惦记着呢。
Story/D_2_2_3_4_1_028,瞧你们这般来势汹汹，想必那信中所写，不外乎便是诬陷我的污言秽语。\n南宫世家若徇私，为洗刷叛徒恶名，偏信一介山贼所言，天下人都得寒心。
Story/D_2_2_3_4_1_029,信不信是他们的事，交不交遗书却是你我之间的事。
Story/D_2_2_3_4_1_030,……此信关乎武林和谐，奉劝你还是少自找麻烦。
Story/N_2_2_3_4_1_004,谭霸刀虽故作镇定，但双眼却死盯着大师兄手里书信，显然在意至极。
Story/D_2_2_3_4_1_031,南宫禹大侠，你还记得吗？
Story/D_2_2_3_4_1_032,南宫禹？南宫世家有这号人物吗？啊──是了。\n十几年前劫掠官饷，事发畏罪自杀的那个胆小鬼，是吧？
Story/D_2_2_3_4_1_033,谭前辈怎么如此健忘，真凶难道不就是你吗？
Story/D_2_2_3_4_1_034,你说甚么！无知小辈，竟敢口出狂言！
Story/T_2_2_3_4_1_001,哇，大师兄竟然这么直接，不愧是擅长激怒人的能手。
Story/D_2_2_3_4_1_035,那日运粮官牛大人身上搜得的长命锁，此刻还挂在你亲儿子脖上呢。\n那长寿二字可不只是吉祥话，那是牛大人爱子的名字呀。
Story/D_2_2_3_4_1_036,什么──这么晦气的东西原来……我呸！
Story/D_2_2_3_4_1_037,……这算甚么证据了？不过是片面之词罢了。\n有本事拿出真凭实据来！
Story/D_2_2_3_4_1_038,单凭一张嘴，空口说白话，便想坏我清誉？\n你当谭某是何许人也，焉能容你等小辈随意编排。\n今日便宰了你们仨兔崽子，好教唐老儿知晓谭某不是好欺负的。
Story/D_2_2_3_4_1_039,前辈想杀人？这不是此地无银三百两吗？\n你怎么就这么好对付？倒是我太看得起你了。
Story/D_2_2_3_4_1_040,别强人所难啦，江湖粗人居多，一看他就是大字不识的款。\n只怕当年那事，他也只是听人摆布的喽啰，坐享其成罢了。
Story/D_2_2_3_4_1_041,妈巴羔子，谁能摆布得了老子？
Story/D_2_2_3_4_1_042,你意思是说，你就是主谋？
Story/D_2_2_3_4_1_043,放屁！放屁！
Story/D_2_2_3_4_1_044,知道了，知道了。\n屁股长在前辈身上，你爱放就放，跟我们讲干嘛，真变态。
Story/D_2_2_3_4_1_045,我闻到了，真臭！谭前辈，你晚饭究竟吃了什么呀？
Story/D_2_2_3_4_1_046,胡说什么，我才没放！
Story/D_2_2_3_4_1_047,你既没放，那屁味便是从你嘴里喷出来的吧？
Story/D_2_2_3_4_1_048,谭前辈好功夫，可以乾坤倒错，用嘴放屁！
Story/D_2_2_3_4_1_049,混账──！！\n老子今日非得把你们千刀万剐投入江中喂鱼！
Story/N_2_2_3_4_1_005,你嘴贱本事一流，与大师兄一搭一唱，差点没把谭霸天气到升天。
Story/D_2_2_3_4_1_050,不必再与这人多说。\n此人横行惯了，沉不住气，已将底细透了个干净。\n就算不是真凶，与当年那事也必有牵连，绝非无辜。
Story/D_2_2_3_4_1_051,前辈要厚颜抵死否认，且由得你，反正到头来都得死。
Story/D_2_2_3_4_1_052,敢做不敢当，你这等卑劣之人，枉负侠名。\n今日唐门就要你恶贯满盈！
Story/D_2_2_3_4_1_053,就凭你们几个小辈也想拿我？\n可笑，此刻你们想走，只怕也没那么容易。\n给我留下命来吧！
Story/N_2_2_3_4_1_006,谭霸刀发一声喊，猛一顿足，\n暗伏于水下的伏兵便应声窜出水面。
Story/D_2_2_3_4_1_054,你若非作贼心虚，何须暗伏刺客严阵待敌？
Story/D_2_2_3_4_1_055,将死之人，还废话那么多作甚么？\n反正你们活不过今晚，动手！
Story/D_2_2_3_4_1_056,遵命。
Story/D_2_2_3_4_1_057,谭霸刀交给我。
Story/D_2_2_3_4_1_058,嗯。\n你们两个穿黑衣的，随我来。\n我要在岸上杀你们。
Story/D_2_2_3_4_1_059,师弟，你也去，在这我还要分心护你。
Story/D_2_2_3_4_1_060,好，二师兄，我来助你！
Story/D_2_2_3_4_1_061,谭某很好奇，是什么令你这般托大？\n以为可以只身与谭某放对。
Story/D_2_2_3_4_1_062,晚辈斗胆，就在这里讨教前辈的破山斩吧。
Story/D_2_2_3_4_1_063,很好，你自找的，生死无尤！
Story/D_2_2_3_4_1_1_001,你还没死啊。
Story/D_2_2_3_4_1_1_002,侥幸。
Story/D_2_2_3_4_1_1_003,哼，不需要我出手吗？干得不错。
Story/D_2_2_3_4_1_1_004,侥幸。
Story/D_2_2_3_4_1_1_005,回船上，看看大师兄给人打死了没。
Story/D_2_2_3_4_1_1_006,一定还没，祸害遗千年，他会长命的很。
Story/D_2_2_3_4_1_1_007,哼，此话不错。
Story/D_2_2_3_4_1_1_008,好！
Story/D_2_2_3_4_1_1_009,唐门飞侠，不外如是！
Story/D_2_2_3_4_1_1_010,……要换手吗？
Story/D_2_2_3_4_1_1_011,不必。
Story/N_2_2_3_4_1_1_001,大师兄强自运气压下内伤，抹去嘴角血迹。
Story/D_2_2_3_4_1_1_012,谭前辈，你的破山斩确实霸道。\n平心而论，我最拿手的金钱镖的确奈何不了你，\n迫不得已，只好祭出不拿手的家伙了。
Story/D_2_2_3_4_1_1_013,嘿，惯用的武功不用，却要用什么不拿手的东西了。
Story/D_2_2_3_4_1_1_014,羽毛。
Story/D_2_2_3_4_1_1_015,！
Story/D_2_2_3_4_1_1_016,羽毛？你给我打疯了是吧？哈哈哈！\n羽毛能伤人？除非──除非……
Story/D_2_2_3_4_1_1_017,──飞燕流星翎？
Story/D_2_2_3_4_1_1_018,正是。方才是打架，此刻是决生死，放马过来！
Story/D_2_2_3_4_1_1_019,师弟，速退。
Story/D_2_2_3_4_1_1_020,我们不用帮忙掠阵吗？
Story/D_2_2_3_4_1_1_021,掠什么阵？你会被误杀才是真的。
Story/T_2_2_3_4_1_1_001,掌门竟连独门暗器飞燕流星翎都传予他，啧！
Story/D_2_2_3_4_1_1_022,哦……哦哦。
Story/D_2_2_3_4_1_1_023,哇靠，怎么回事！
Story/N_2_2_3_4_1_1_002,只见离岸不远的画舫梁柱不知被什么利物切断，船屋倾塌。\n再不多久，连舫身都四分五裂了。
Story/D_2_2_3_4_1_1_024,咳啊，没拿捏好。二师弟，快替这家伙急救。
Story/D_2_2_3_4_1_1_025,……你打穿了他肺脏、脾脏、胃，将他右腿脚筋挑断了。\n你当我是大罗金仙吗？而且，右手四指没捡回来吗？
Story/N_2_2_3_4_1_1_003,二师兄埋怨归埋怨，手下却丝毫不马虎，即刻为重伤的谭霸刀紧急处置。
Story/D_2_2_3_4_1_1_026,我也来帮忙。
Story/D_2_2_3_4_1_1_027,你来按住躯干血流如注处，我要以火折子点燃赤蝎粉，焚烧伤口止血。
Story/N_2_2_3_4_1_1_004,二师兄双手如飞，片刻不停，只看得你眼花撩乱。\n而你在他指挥之下，也算派上了用场。
Story/T_2_2_3_4_1_1_002,我这……帮不上忙吧。
Story/N_2_2_3_4_1_1_005,你看着一炷香之前还耀武扬威的谭霸刀，如今凄惨模样。\n不由得深有感触。人在江湖行走，从来不是儿戏。\n任你再高的武功、再盛的名声，有朝都会眨眼化为尘土。
Story/D_2_2_3_4_1_1_028,江湖就是这样，若想活得长久，还是趁早退隐吧。\n不学武功，也不是就没骨气了。
Story/D_2_2_3_4_1_1_029,不好，咳，我得运气调息一下。\n我再说一句就好……我要有得选的话，一定要说相声讨生活。\n鬼才想当什么唐门大弟子，他妈的……。
Story/O_2_2_3_4_1_1_001,说得也是
Story/N_2_2_3_4_1_1_006,大师兄的话，你默默听了进去。\n向往江湖的心淡了几分，还想象了一下自己和大师兄勾栏里说相声的和平未来。
Story/O_2_2_3_4_1_1_002,我都陪你死里走一遭了，还说这种屁话
Story/N_2_2_3_4_1_1_007,大师兄盘坐运功，听了浅浅笑了笑，没有置答。
Story/D_2_2_3_4_2_001,……停。
Story/D_2_2_3_4_2_002,敢问大爷，可是奴家曲误了吗？
Story/D_2_2_3_4_2_003,你今日舫上用的合香，很有江湖韵味呀。\n似隐有一股醺人酒香，教人身心皆醉。\n你别弹这曲了，弹一曲有金戈肃杀之气的曲子应景，给我佐酒吧。
Story/D_2_2_3_4_2_004,合香是舫家准备的，奴家也是头一次闻见。\n既然如此，奴家便弹一曲《十面埋伏》，请大爷品评。
Story/D_2_2_3_4_2_005,甚好。
Story/D_2_2_3_4_2_006,……唔？
Story/D_2_2_3_4_2_007,怎么不弹？可是没有曲谱，忘了怎么弹奏？
Story/D_2_2_3_4_2_008,不，不是，奴家不知怎地，好似真有些醉意，指头不大听使唤。\n哎唷，奴家……使不上力。
Story/D_2_2_3_4_2_009,……不好！这香有问题！
Story/N_2_2_3_4_2_001,谭霸刀当机立断，掷酒杯打灭了焚香。\n但毒香入体，已然生效，此刻扑灭源头未免太迟。
Story/D_2_2_3_4_2_010,你们是谁？谭某与你们何冤何仇，\n竟使下毒这种卑鄙伎俩暗害于我？
Story/D_2_2_3_4_2_011,谭前辈，扰了你听曲的雅兴，真是抱歉啊。\n晚辈三人有件旧事，想当面请教，还请不吝解答。
Story/D_2_2_3_4_2_012,哼，请教二字说得好听，却何以下毒害人？\n分明来意不善，谭某人有何义务答你？\n仔细一看，你等服色，该不会是四川唐门的弟子吧？
Story/D_2_2_3_4_2_013,前辈好眼力，晚辈正是唐门首席弟子唐布衣。
Story/D_2_2_3_4_2_014,我管你是谁！你们几个怕不是疯了，敢在太岁头上动土！\n都说唐门黑白不分，亦正亦邪，到处惹事生非，今日谭某算是领教了！
Story/D_2_2_3_4_2_015,该你领教的好事，还在后头。
Story/D_2_2_3_4_2_016,谭前辈，你可知我这位二师兄，在江湖人送外号『辣手相公』。\n落在他手里的人，最后求的可不是活命，往往求的是速死。\n若不想知道人间炼狱是什么模样，奉劝你趁我二师兄还没发怒前坦白从宽。
Story/N_2_2_3_4_2_002,辣手相公的名声虽不及飞侠流传得广，谭霸刀倒也曾经听过。\n自己落入他手里，只怕凶多吉少，思之不禁冷汗直流。
Story/D_2_2_3_4_2_017,我问你，答得出就答，答不出就准备去死。\n昔年截官饷、嫁祸大侠南宫禹的人，是你吗？
Story/D_2_2_3_4_2_018,你胡说八道什么？南宫禹畏罪自杀，与我何干？\n莫要含血喷人，我谭霸刀何许人也，焉能受你要挟！\n你想以此下作手段逼我就范，想得倒美！
Story/N_2_2_3_4_2_003,谭霸刀一顿足，暗伏于水下的伏兵便应声窜出水面。
Story/D_2_2_3_4_2_019,莫放这三人脱身，给我拿下！
Story/D_2_2_3_4_2_020,遵命！
Story/D_2_2_3_4_2_021,原来你早知有仇家会找上门，这不是作贼心虚是什么？\n二师弟，你我一人一个，收拾掉这两个爪牙，再回头审问谭霸刀。
Story/T_2_2_3_4_2_001,咦？就剩下我？
Story/D_2_2_3_4_2_022,你这名不见经传的丑陋小子，竟也想动老子？\n有种的便过来，领教谭某的破山斩有多锋利！
Story/D_2_2_3_4_2_023,你、你不是中了迷香？怎么还能动！
Story/D_2_2_3_4_2_024,可笑，你这小小迷香，只能用来对付三流货色，\n岂能奈何得了谭某几十年的内功修为？速来领死吧！
Story/D_2_2_3_4_2_025,大师兄、二师兄、你们快回来呀！
Story/T_2_2_3_4_2_002,我先别惊慌，他说不定是强撑着在虚张声势。
Story/D_2_2_3_4_2_026,吃我暗器！
Story/T_2_2_3_4_2_003,他当真还能动弹！
Story/T_2_2_3_4_2_004,唔，光是挥动，就几乎拿不稳手里刀子。
Story/N_2_2_3_4_2_004,江上冷风穿入画舫窗户，吹得你二人冷汗冰凉，\n对峙良久，谁也不敢妄动，霎时，时间恍如凝滞一般。
Story/D_2_2_3_4_2_027,……。
Story/D_2_2_3_4_2_028,……。
Story/N_2_2_3_4_2_005,江上冷风穿入画舫窗户，吹得你二人冷汗冰凉，\n对峙良久，谁也不敢妄动，霎时，时间恍如凝滞一般。
Story/N_2_2_3_4_2_006,就在你不知第几次呼吸眨眼之间，\n谭霸刀眼中精光暴射，猛地发难，恶斗一触即发！
Story/D_2_2_3_4_2_029,纳命来！
Story/D_2_2_3_4_2_030,不要！
Story/N_2_2_3_4_2_1_001,谭霸刀本有意拿住你，作为要挟，令大师兄、二师兄投鼠忌器。\n岂料他中毒太深，手脚不听使唤，一个拿捏不好，手里破山斩脱手便将你给劈了。
Story/D_2_2_3_4_2_1_001,你这杂种──！
Story/D_2_2_3_4_2_1_002,呼……是我赢了！你才是杂种！
Story/D_2_2_3_4_2_1_003,师弟，你……你竟胜了此人？
Story/D_2_2_3_4_2_1_004,想不到此人体魄强健如斯，中了我的加料软筋散，\n还追到岸上与你动手。
Story/D_2_2_3_4_2_1_005,保险起见先点了穴再发落吧。
Story/D_2_2_3_4_3_001,终于到江陵府了。
Story/D_2_2_3_4_3_002,咱们是不是来得早了？距离寿宴，还有足足一个月。
Story/D_2_2_3_4_3_003,哼，还不是那谭霸刀名不符实，白叫人费了这许多心思。
Story/D_2_2_3_4_3_004,又不是你出手对付的，说得倒轻松。
Story/D_2_2_3_4_3_005,你可知为了替你收拾烂摊子，耗费了我多少心力、药材才救活他？
Story/D_2_2_3_4_3_006,……二师弟说得是，你该是此行最大功臣。
Story/D_2_2_3_4_3_007,话不能这么说，二师兄，我差点就给他劈了。
Story/D_2_2_3_4_3_008,连你这货色都能打发的，还算得上什么好汉？
Story/D_2_2_3_4_3_009,我倒觉得那人虽然人品恶劣，武功倒挺厉害。\n都中了二师兄的麻毒，还能捉刀子来和人动武，真是吓人。
Story/D_2_2_3_4_3_010,哼……那倒也是，那厮毕竟成名多年，没有几分真实本领，\n焉能在夔州一带横行霸道？
Story/D_2_2_3_4_3_011,若他没中毒，我肯定是打不过的。
Story/D_2_2_3_4_3_012,二师弟估错剂量，可真罕见。
Story/D_2_2_3_4_3_013,同剂量的麻毒，你要不要试试滋味如何？
Story/D_2_2_3_4_3_014,免了，这种难得的东西，让给师弟享用吧。
Story/D_2_2_3_4_3_015,别推我头上啊喂！我可没得罪二师兄！
Story/D_2_2_3_4_3_016,总之，来得早总比迟到好。\n二师弟不总是说做事把细一点比较好吗？
Story/D_2_2_3_4_3_017,你若事事都能如此细心，那我便无话可说了。\n不过来得早确实不是坏事，写封信飞鸽捎回蜀中，禀报掌门吧。
Story/D_2_2_3_4_3_018,我字迹潦草，还是二师弟你写吧。
Story/D_2_2_3_4_3_019,无妨。
Story/D_2_2_3_4_3_020,好在南宫世家出面安排，落脚处才有着落了。
Story/D_2_2_3_4_3_021,接下来怎么办？难不成要在客栈里住上一个月吗？
Story/D_2_2_3_4_3_022,有何不可？也去南宫世家打过照面了。\n本来南宫世伯有意留我们三人去住客房，可你想啊，\n咱们身上带着大件行李，总是不大方便，不如投店稳妥。
Story/D_2_2_3_4_3_023,那件行李我来看管便是。
Story/D_2_2_3_4_3_024,不愧是二师弟，既然有你接管这烫手山芋，那我就放心了。\n左右无事，这个月大家便各自打发吧，爱去哪去哪，\n别误了寿宴时辰就好。
Story/D_2_2_3_4_3_025,我头一次来江陵府，人生地不熟，能去哪里？
Story/D_2_2_3_4_3_026,真拿你没办法，师弟你跟我来吧，我有个好去处介绍给你。
Story/D_2_2_3_4_3_027,我有不好的预感，你先说那好去处究竟是什么地方？
Story/D_2_2_3_4_3_028,那是一个神秘的组织，名字烟花阁……。
Story/D_2_2_3_4_3_029,滚！别在此间说废话，没的污我清听。
Story/D_2_2_3_4_3_030,有够凶，走就走。
Story/D_2_2_3_4_3_031,那就这样啦，我先走一步，下个月南宫府外见面。
Story/D_2_2_3_4_3_039,二师兄，那我们怎么办？
Story/D_2_2_3_4_3_032,随你便，你去另租一间房，没事别来烦我。\n此处不是唐门地界，别太招摇。
Story/D_2_2_3_4_3_033,哦……。
Story/D_2_2_3_4_3_034,慢着。
Story/D_2_2_3_4_3_035,二师兄有何吩咐？
Story/D_2_2_3_4_3_036,你若实在无事可干，便去城里一间名叫千金方的医馆见习。\n说是我叫你去的。
Story/D_2_2_3_4_3_037,好。
Story/D_2_2_3_4_3_038,哦……。
Story/N_2_2_3_4_3_001,你下到柜台，寻掌柜的说要另开一间房独住。\n都还没摸出钱包，那掌柜已连忙请你打住。\n你乃是南宫世家的客人，他是不论如何也不收你钱财，替你安排了上房。
Story/T_2_2_3_4_3_001,南宫世家面子可真大，想必是在乐善好施的缘故。\n就是没承过他们情面的人，也会想方设法巴结一番。
Story/T_2_2_3_4_3_002,咱们唐门从前何尝不是这样呢？\n每次逢年过节，乡里的老人都会提着鸡鸭蔬果上山拜见掌门。\n得一良言嘉许便欢天喜地而去，都说唐门中人是救苦救难的活菩萨。
Story/T_2_2_3_4_3_003,怎料得唐门今日会败破如斯。\n老一代人逝去以后，年轻的乡人都不再来了，唉。
Story/O_2_2_3_4_3_Break_01_001,外出：街市闲游
Story/D_2_2_3_4_3_Break_01_001,总之先出门走走吧。
Story/O_2_2_3_4_3_Break_01_002,打工：千金方
Story/O_2_2_3_4_3_Break_01_003,打工：安济坊
Story/O_2_2_3_4_3_Break_01_004,打工：渡口
Story/D_2_2_3_4_3_Break_01_01_001,不愧是大城市，人可真多。我从未见过这么热闹的地方。\n江陵府便得如此，那临安府真不知是怎样的繁华景色。
Story/D_2_2_3_4_3_Break_01_01_002,杜兄，何以停步？
Story/D_2_2_3_4_3_Break_01_01_003,那人面目好生丑怪，江陵何时出了这种怪物？\n若他是本地人，定不能至今籍籍无名，应该会被挂在城门示众才对。
Story/D_2_2_3_4_3_Break_01_01_004,哈哈，你可真毒，行了，别为这种怪胎耽误了读书的大好时光。\n你我将来可是要考取功名，为国尽忠的人才。
Story/D_2_2_3_4_3_Break_01_01_005,说得也是，走吧。
Story/O_2_2_3_4_3_Break_01_01_001,容忍
Story/T_2_2_3_4_3_Break_01_01_001,……话说得这么大声，不听见都难啊，唉。
Story/T_2_2_3_4_3_Break_01_01_002,我只道到了大城市，此处的人愁吃穿的少，做学问的人多，\n人人都像三师兄那样谦仲知礼，怎知到头还是以貌取人呢。\n若天下人皆是这般，那临安府不去也罢了。
Story/O_2_2_3_4_3_Break_01_01_002,偷偷跟随并且毒打
Story/D_2_2_3_4_3_Break_01_01_006,……怪胎是吧。
Story/D_2_2_3_4_3_Break_01_01_01_001,不想了，世道教人心寒，去茶铺子喝一盏热呼的浓茶吧。\n那边的茶栈好像就不错。
Story/D_2_2_3_4_3_Break_01_01_01_002,且慢！那边那位蓝衣服的兄台，请留步！
Story/D_2_2_3_4_3_Break_01_01_01_003,是叫我吗？哪位？
Story/O_2_2_3_4_3_Break_01_01_01_001,咦，这人好眼熟
Story/D_2_2_3_4_3_Break_01_01_01_004,师弟～！
Story/D_2_2_3_4_3_Break_01_01_01_005,你是……唐儒师姐！
Story/D_2_2_3_4_3_Break_01_01_01_006,好久没人这样叫我了，真怀念。\n我离了唐门，现下已不姓唐了。\n现在外人都喊我作辛娘子，要不就是钟少夫人。
Story/D_2_2_3_4_3_Break_01_01_01_007,我记得，你夫家也是南宫世家的亲家对吧？
Story/D_2_2_3_4_3_Break_01_01_01_008,勉强算是，我婆婆是南宫家主的亲妹子，亏你记得这种事。\n我记得你不奇怪，你还记得我就很稀罕了。
Story/T_2_2_3_4_3_Break_01_01_01_001,我要能忘记你就奇了，师姐。\n人虽美貌，却是会把自己从床铺睡到门坎上的奇人。\n睡相之差，惊世骇俗，还会以擒拿手将左右师姐妹捉来当抱枕。
Story/T_2_2_3_4_3_Break_01_01_01_002,当年要不是我在窗外，只怕小师妹早给你用腿夹死了。
Story/D_2_2_3_4_3_Break_01_01_01_009,别来如何？你还老是一脸猥琐，跟在小师妹屁股后面跑吗？
Story/D_2_2_3_4_3_Break_01_01_01_010,呃……。
Story/D_2_2_3_4_3_Break_01_01_01_011,哈哈哈，我开玩笑的。\n掌门师父老人家好吗？大家都还好吗？
Story/D_2_2_3_4_3_Break_01_01_01_012,大家都不错，可是掌门他老人家近年好像精神越来越差。\n往往露一面，就要回房歇上半天。
Story/D_2_2_3_4_3_Break_01_01_01_013,这样啊……快过年了，我去央求丈夫，寄些名贵人蔘回唐门。
Story/D_2_2_3_4_3_Break_01_01_01_014,……人蔘的话，二师兄已张罗不少了，就怕没效用。
Story/D_2_2_3_4_3_Break_01_01_01_015,没用我也要寄。
Story/D_2_2_3_4_3_Break_01_01_01_016,嗯。
Story/D_2_2_3_4_3_Break_01_01_01_017,说起来师弟……啊，该叫你赵、赵少侠？\n还是说唐少侠？你改宗入室了吗？
Story/D_2_2_3_4_3_Break_01_01_01_018,师姊，你还是叫我师弟吧。\n我至今还是不得师长眼缘，没能入室。
Story/D_2_2_3_4_3_Break_01_01_01_019,好笨，都混那么久了，还没入室。
Story/D_2_2_3_4_3_Break_01_01_01_020,我也不想啊。
Story/D_2_2_3_4_3_Break_01_01_01_021,师弟，你应该是来参加南宫寿宴的吧？\n那也未免来得太早，掌门师父从前没那么上心啊。\n大师兄总要拖到最后才心不甘情不愿的动身。
Story/D_2_2_3_4_3_Break_01_01_01_022,这回我们提前出发，准备了一些礼物。
Story/D_2_2_3_4_3_Break_01_01_01_023,嗯～原来是这样。
Story/D_2_2_3_4_3_Break_01_01_01_024,说起来，若非大师兄任性妄为，我险些要错过这桩良缘了。
Story/D_2_2_3_4_3_Break_01_01_01_025,咦？怎么回事？我还是头一次听说。
Story/D_2_2_3_4_3_Break_01_01_01_026,还不就是他跑得飞快，一骑绝尘。\n我和另外几位师弟妹半路遭遇仇人伏击，险些要出大事。\n还是南宫世家、钟家携手派人来救，这才脱险。
Story/D_2_2_3_4_3_Break_01_01_01_027,便是那时起，我才绝了对大师兄的念想。\n与其挂念他那样对天下女子都好的坏蛋，\n倒不如嫁一个只对我好、肯为我奋不顾身的好人。
Story/D_2_2_3_4_3_Break_01_01_01_028,不说了，嫁都嫁了还尽说这些干嘛。\n师弟，师姐我喊住你除了叙旧，还有一事相请。
Story/D_2_2_3_4_3_Break_01_01_01_029,师姐请说。
Story/D_2_2_3_4_3_Break_01_01_01_030,我夫家此际承揽安济坊的膳食。\n你知道安济坊是什么地方吗？
Story/D_2_2_3_4_3_Break_01_01_01_031,是收容鳏寡孤独废疾者的场所。
Story/D_2_2_3_4_3_Break_01_01_01_032,我不知。
Story/D_2_2_3_4_3_Break_01_01_01_033,是收容鳏寡孤独废疾者的地方呀。
Story/D_2_2_3_4_3_Break_01_01_01_034,我夫郎年少轻狂时，曾离家去混迹丐帮，\n如今脱离了，还和帮中兄弟有联系，这回南宫寿宴，\n一力允诺他的丐帮兄弟，带了好多人来安济坊留宿。
Story/D_2_2_3_4_3_Break_01_01_01_035,我夫郎不知公公包揽这事业，本就是慈善为怀，没多少油水可捞。\n如今要负荷外来乞丐的饮食，几乎没法营利。\n更别说──更别说……。
Story/D_2_2_3_4_3_Break_01_01_01_036,什么？
Story/D_2_2_3_4_3_Break_01_01_01_037,丐帮中人，龙蛇混杂，总有人会趁乱毛手毛脚，猛回头又老抓不到犯人。\n总算看我夫郎面上，还不至于太过分，当我没说吧。\n反正再熬也不过一个月，寿宴后，他们便散了。
Story/D_2_2_3_4_3_Break_01_01_01_038,……。
Story/D_2_2_3_4_3_Break_01_01_01_039,你这个月若无他事，要不要来帮我干点杂活呀？\n当然会给你报酬的，有师姐在，绝不会亏待你的。
Story/D_2_2_3_4_3_Break_01_01_01_040,你好好考虑吧～要不然我过度操劳，又得熬出面疱了。
Story/T_2_2_3_4_3_Break_01_01_01_003,师姐，你真的有被爱护吗？
Story/O_2_2_3_4_3_Break_01_01_01_002,貌似商贾
Story/D_2_2_3_4_3_Break_01_01_01_041,这位……少侠，可是唐门的赵活，赵少侠吗？
Story/D_2_2_3_4_3_Break_01_01_01_042,正是在下，恕我眼拙，请问阁下是……？
Story/D_2_2_3_4_3_Break_01_01_01_043,少侠不认识我，理所当然，我就是一个平凡的在地商贾罢了。\n敝姓江，忝为江陵在地漕运行会的行老。
Story/D_2_2_3_4_3_Break_01_01_01_044,幸会，请问江行老，有何见示？\n又何以识得在下这样名不见经传的小人物？
Story/D_2_2_3_4_3_Break_01_01_01_045,原来是江行老，幸会幸会，久仰久仰。
Story/T_2_2_3_4_3_Break_01_01_01_004,我又不是江湖人，哪来的久仰，这位丑小兄未免好笑。
Story/D_2_2_3_4_3_Break_01_01_01_046,实不相瞒，我是上官家河运生意的地方接头人。
Story/D_2_2_3_4_3_Break_01_01_01_047,不只一次听上官大小姐夸奖赵少侠年轻有为，有很大能耐。\n说是倘若碰到为难事，就去请你相助，凭她和你的交情，\n赵少侠必定不至推辞。
Story/T_2_2_3_4_3_Break_01_01_01_005,上官姑娘和人夸过我，还说和我有交情吗？
Story/D_2_2_3_4_3_Break_01_01_01_048,江某听说三大世家交情甚笃，既是和上官家作的生意，\n怎么着，也得知道南宫、唐门二家都有哪些侠士、耆老。
Story/D_2_2_3_4_3_Break_01_01_01_049,唐门就只少侠一个姓赵的，佼佼不群。\n非但资历深，又备受器重，与唐三侠合力操持唐门上下大小事。\n如此人物，江某哪能不留上心呢？
Story/T_2_2_3_4_3_Break_01_01_01_006,这位江行老不愧是生意人，我一介外姓弟子，\n也能被他绕着弯捧成这样，真懂说话。
Story/D_2_2_3_4_3_Break_01_01_01_050,过、过奖了，哈哈。\n我不过是个外姓弟子罢了，不过说我资历深、劳碌命倒是说对了。
Story/D_2_2_3_4_3_Break_01_01_01_051,能者多劳嘛！
Story/D_2_2_3_4_3_Break_01_01_01_052,江某冒昧前来搭话，实乃有事相求，\n还请赵少侠顾念三大世家的情面，万勿推辞。
Story/D_2_2_3_4_3_Break_01_01_01_053,江行老手下能人不知凡几，有什么难事，还用得上在下的？
Story/D_2_2_3_4_3_Break_01_01_01_054,哈，包在我身上便是，江行老只管说吧。
Story/D_2_2_3_4_3_Break_01_01_01_055,事情是这样的，江某接获上官大小姐飞鸽来信。\n说是运送贺礼的路上，出了点意外，大小姐得亲自善后。
Story/D_2_2_3_4_3_Break_01_01_01_056,什么意外？她没事吧。
Story/D_2_2_3_4_3_Break_01_01_01_057,……既然是自己人，那江某说了，大小姐八成也不会见怪吧。
Story/D_2_2_3_4_3_Break_01_01_01_058,听说是突然一场骤雨，令山道坍方。\n大小姐一行受了波及，有辆马车滑落山坡。
Story/D_2_2_3_4_3_Break_01_01_01_059,几名护卫当机立断，跳上马车，将重要财物踢落，才不至损失惨重。\n但车夫、护卫的人却掉落悬崖，被湍流冲走了。
Story/D_2_2_3_4_3_Break_01_01_01_060,这些人都是行前签了生死状的。\n说句不好听的，就是十死九生，就是于心难安，多给安家费就成了。
Story/D_2_2_3_4_3_Break_01_01_01_061,可是上官大小姐偏不死心，亲率队伍回返下游去找。\n问了老江家好多渡头，接连几日不睡。\n最终才知那几名罹难者，已让下游小村的居民给埋了。
Story/T_2_2_3_4_3_Break_01_01_01_007,……唉。
Story/D_2_2_3_4_3_Break_01_01_01_062,上官大小姐生意手段厉害，心肠到底还是软的。\n听说哭得眼都肿了，拜祭一番，又重重酬谢村民，才重新上道。\n算算日子，能否赶得上寿宴都难说。
Story/D_2_2_3_4_3_Break_01_01_01_063,她人能不能赶到姑且不提，总之讲诚信的，礼物货物都不能迟。\n正好本季又刮北风，便向渡口借本船会的货船，改以水运。
Story/D_2_2_3_4_3_Break_01_01_01_064,那有什么问题吗？
Story/D_2_2_3_4_3_Break_01_01_01_065,本来是没有，甚至该夸她聪明。\n坏就坏在本行传递书信出了岔子，竟还比逆流的船还要慢。\n这些光吃米粮不顶用的坏鸟中途不知死哪去了，姗姗来迟。
Story/D_2_2_3_4_3_Break_01_01_01_066,结果为大小姐加开的货船，与本船行的期货商船江上相遇，\n只道是冒用船会旗帜，抢生意来的，便起了冲突。
Story/D_2_2_3_4_3_Break_01_01_01_067,本行所雇的水手也是孤陋寡闻，都不看看对方衣色，竟不识得沧帮中人。\n提刀上船就冤对方是水盗，又看满船都是珠宝，竟斗胆强征过江费。
Story/D_2_2_3_4_3_Break_01_01_01_068,哦……这还真是不得了。
Story/D_2_2_3_4_3_Break_01_01_01_069,可不是吗？\n结果沧帮那群流氓……那群好汉，没了大小姐约束，本色便显了出来。\n发狠劫了江某船只，米粮、干果、药材全都给扣押住了。
Story/D_2_2_3_4_3_Break_01_01_01_070,这下江某可苦了，若是平时也索罢了。\n这回的货，是本地包办安济坊膳食的钟家所订购的。\n那钟家又是南宫世家的亲家，又是同为官府做事的，怎么得罪得起？
Story/D_2_2_3_4_3_Break_01_01_01_071,他们届时来讨要米粮，我又能有甚么办法？愁也愁死了。
Story/D_2_2_3_4_3_Break_01_01_01_072,别的事还能去请南宫世家出面调解，可南宫老太爷要过大寿，\n咱们晚辈贺寿不成还闹出乱子，未免太不合适。\n旁人听了，定要笑话江某，说老江一把年纪还不懂世故。
Story/D_2_2_3_4_3_Break_01_01_01_073,这事就怕我也帮不上什么忙呀，江行老只怕太大看我了。
Story/D_2_2_3_4_3_Break_01_01_01_074,行的，一定行的。唐门少侠只消往我旁边一站，\n上官家、钟家看你这色制服，多少都得消敛一些。\n江某听说钟家的少媳妇，从前也是你唐门的女弟子。
Story/T_2_2_3_4_3_Break_01_01_01_008,敢情他请的不是我，是我的制服来着。
Story/D_2_2_3_4_3_Break_01_01_01_075,赵少侠只要肯屈驾，江某也不敢劳你做什么粗活。\n只要每日来做做样子便成，酬劳当然也不会吝啬。
Story/D_2_2_3_4_3_Break_01_01_01_076,何况赵少侠是上官大小姐的友人，江某怎还敢亏待你呢？\n你帮我老江，又何尝不是帮上官大小姐？
Story/D_2_2_3_4_3_Break_01_01_01_077,这……。
Story/D_2_2_3_4_3_Break_01_01_01_078,老板，咱们飞石帮给你雇来帮手的，都把货装箱办妥了。\n你看能不能提前结算一下？
Story/D_2_2_3_4_3_Break_01_01_01_079,啊，这么快？行啊，这么勤快，下回还找你们。
Story/D_2_2_3_4_3_Break_01_01_01_080,那就先谢过江老板啦！
Story/D_2_2_3_4_3_Break_01_01_01_081,江某这便不得不赶回工作岗位上了。\n赵少侠若有意，还务必请到渡口寻我，江某先走一步，告辞。
Story/T_2_2_3_4_3_Break_01_01_01_009,这钱听起来挺容易赚的，不赚白不赚。\n不过我若贸然介入这种生意纠纷，只怕给师门添乱。
Story/D_2_2_3_4_3_Break_01_01_02_001,……姓赵的，出来。
Story/D_2_2_3_4_3_Break_01_01_02_002,大人，我就说我是冤枉的，你偏不信。\n竟将我在此足足关了一个月！
Story/D_2_2_3_4_3_Break_01_01_02_003,冤枉个屁，你当街殴打文人，少说有十名目击民众，须抵赖不得。\n只将你关一个月都算客气了，你还不是每日吃饱便睡。
Story/D_2_2_3_4_3_Break_01_01_02_004,那倒是，好久不曾睡这么饱。
Story/D_2_2_3_4_3_Break_01_01_02_005,饭菜还比别处监牢好，不愧是江陵府。
Story/D_2_2_3_4_3_Break_01_01_02_006,你竟还比较上了，真当坐牢是投店吗？
Story/D_2_2_3_4_3_Break_01_01_02_007,今回若非南宫世家出面斡旋，哪能轻易纵放，出来。
Story/D_2_2_3_4_3_Break_01_01_02_008,喔。
Story/D_2_2_3_4_3_Break_01_01_02_009,算你走运，看在南宫世家与知府大人也有交情。\n犯的事说大不大，这才替你压了下来。
Story/D_2_2_3_4_3_Break_01_01_02_010,万幸，万幸。
Story/D_2_2_3_4_3_Break_01_01_02_011,你去吧。
Story/D_2_2_3_4_3_Break_01_01_02_012,是，小民告退。
Story/D_2_2_3_4_3_Break_01_01_02_013,……赵活。
Story/D_2_2_3_4_3_Break_01_01_02_014,宋大人还有什么吩咐？
Story/D_2_2_3_4_3_Break_01_01_02_015,据本官了解，你应当不是无端向人动手的恶徒，\n就是你打人有错，那二人也未必便是无辜的。\n若我没想错，八成是那二人说了什么不中听的话吧。
Story/D_2_2_3_4_3_Break_01_01_02_016,宋大人真是明察秋毫。
Story/D_2_2_3_4_3_Break_01_01_02_017,腐儒就是嘴刀子利了点，爱损人罢了。\n你总不能听见不悦耳的话便打，迟早会出大事。
Story/D_2_2_3_4_3_Break_01_01_02_018,……若我说，我今日打他们，是为了天下百姓呢？
Story/D_2_2_3_4_3_Break_01_01_02_019,瞎扯什么？你打人还有理了。
Story/D_2_2_3_4_3_Break_01_01_02_020,那二人若有真才学，将来是要入朝为官、协助官家治天下的。
Story/D_2_2_3_4_3_Break_01_01_02_021,知道你还敢动手。
Story/D_2_2_3_4_3_Break_01_01_02_022,便是知道，才动手的。\n他们与我素不相识，便只路过就轻言贬低他人，这样的官，能爱民吗？
Story/D_2_2_3_4_3_Break_01_01_02_023,他们最好记得，庶民的拳头打人也会痛，人皆可畏，莫要自视甚高。\n就是我朝重文轻武，读书人也并没当真比较高贵，同样是血肉凡胎。\n腹中空有诗书，说来头头是道，却不心怀仁善，为官也只会误国。
Story/D_2_2_3_4_3_Break_01_01_02_024,──！
Story/N_2_2_3_4_3_Break_01_01_02_001,你轻描淡写几句话，似有无穷力量，彷佛天下苍生皆在你背后。\n宋悲哑口无言，只是顾念官身，只能微微颔首表示敬意。
Story/D_2_2_3_4_3_Break_01_01_02_025,就算用心良苦，你怎么就不试着以理服人？\n你又怎知你这法子一定奏效？
Story/D_2_2_3_4_3_Break_01_01_02_026,我这法子当然未必奏效。\n他们都是文人，我想讲道理，未必吵得过他们。\n就是吵得过，舌头也没拳头那么能说会道。
Story/D_2_2_3_4_3_Break_01_01_02_027,哈！我还道你习武的江湖人，真要下狠手，一拳一个便是。\n怎还能容那二人在那儿大吵大嚷，原来你是存心相让。
Story/D_2_2_3_4_3_Break_01_01_02_028,倘若那二人今日吃亏，明天依旧故我，我也没辙。\n那我这几拳下去，就当作是报私仇吧，反正关也关了。\n宋大人，小民告辞啦。
Story/N_2_2_3_4_3_Break_01_01_02_002,你一席话说得不响，却字字铿锵，\n悠然恬淡，又心怀天下，最是潇洒不过。
Story/D_2_2_3_4_3_Break_01_01_02_029,……唐门就是黑白两道都不卖面子，自行其是，才不愧侠肝义胆啊。
Story/D_2_2_3_4_3_Break_01_01_02_030,赵活，你不将个人荣辱萦挂于怀，本官佩服，却不能置若罔闻。\n我不得圣眷，忠言难以上达天听，却知天下还有一人，能因你慰怀。\n且待本官往赴南阳，杏花树下，奏禀仙家。
Story/D_2_2_3_4_3_Break_01_01_02_031,下回我会忍着点的，小民告辞。
Story/D_2_2_3_4_3_Break_01_01_02_032,哈啊，神清气爽。
Story/N_2_2_3_4_3_Break_01_01_02_003,你身体力行，用拳头给二位养尊处优的书生上了一课。
Story/N_2_2_3_4_3_Break_01_01_02_004,并且洗劫了他们的银两。
Story/N_2_2_3_4_3_Break_01_01_02_005,并且洗劫了他们的银两，押去飞石帮当地的分舵，\n把他们俩给贱价卖掉了。
Story/N_2_2_3_4_3_Break_01_01_02_006,那二名文人几经波折，才终于见到飞石帮主说明原委，被放归江陵府。\n只知吟诗做文章的书生身体力行做了几个月粗工，身体结实了不少。\n也知晓了所谓『民生疾苦』，不单只是纸上四个墨水字。
Story/N_2_2_3_4_3_Break_01_01_02_007,其中一人后来发愤图强，果真考取功名，成为为民喉舌的栋梁之臣。\n另一人索性弃了书本，真的加入了飞石帮，不出几年便壮得和牛似的。
Story/D_2_2_3_4_3_Break_01_02_001,下一个……哦。
Story/D_2_2_3_4_3_Break_01_02_002,大夫好，我是唐门弟子，是我二师兄……。
Story/D_2_2_3_4_3_Break_01_02_003,是唐铮唐大夫派你来的，对吧？
Story/D_2_2_3_4_3_Break_01_02_004,正是，他让我来此见习，不知大夫可愿收容吗？
Story/D_2_2_3_4_3_Break_01_02_005,小兄弟，你懂医术吗？
Story/D_2_2_3_4_3_Break_01_02_006,略懂。
Story/D_2_2_3_4_3_Break_01_02_007,那便好，唐大夫派的人，老夫很放心。\n请你来作本医馆的客席大夫吧。
Story/D_2_2_3_4_3_Break_01_02_008,不，毒术的话，多少还懂一些。
Story/D_2_2_3_4_3_Break_01_02_009,医毒是一体两面，那便请你来见习吧。\n老夫从旁指点一二，也就是了。
Story/D_2_2_3_4_3_Break_01_02_010,好，请大夫多指教啦。
Story/N_2_2_3_4_3_Break_01_02_001,你在千金方医馆坐诊，为人诊脉捉药治病。\n虽非官设的医院，却备受当地居民信赖，求诊者不绝。\n你每日里都忙得不可开交。
Story/N_2_2_3_4_3_Break_01_02_002,你从实践中学习，虽只得一个月磨练，已着实获益匪浅。\n于医道颇有所悟，不只见习，也赚了一些零花钱。
Story/N_2_2_3_4_3_Break_01_02_003,你于医术略窥门径，最欠火候。\n在此问诊，与老大夫切磋，虽只一个月磨练，已着实获益匪浅。\n增长不少见闻，于药理有了更深一层的理解。
Story/N_2_2_3_4_3_Break_01_02_004,你于医、毒之术颇有研究，兼之身具内功，号脉精准，眼光毒辣。\n擅长以毒攻毒，见效神速，颇有二师兄的作派。
Story/N_2_2_3_4_3_Break_01_02_005,在千金方坐诊不过一个月，便引得镇上居民纷纷来探。\n都说是唐门来的名医，乃是从前辣手相公唐大夫的师弟。\n那老大夫也想不到你所谓略懂竟是谦抑之词，佩服得不得了。
Story/N_2_2_3_4_3_Break_01_02_006,不消一个月，唐门『鬼面郎中』的名声便传遍了江陵府。
Story/D_2_2_3_4_3_Break_01_02_011,客倌，您要的报纸、药材都给您买到了。
Story/D_2_2_3_4_3_Break_01_02_012,找零给你作跑腿费，下去吧。
Story/D_2_2_3_4_3_Break_01_02_013,是，多谢客倌打赏，小人告退。
Story/N_2_2_3_4_3_Break_01_02_007,二师兄分心二用，一边研药，一边读报。
Story/T_2_2_3_4_3_Break_01_02_001,赵活这小子，这不是干的不错吗？\n总算没有丢我的脸面。
Story/D_2_2_3_4_3_Break_01_03_001,大哥，我敬你是夫郎的朋友，这才客客气气。\n你日日变本加厉，动手动脚，眼里可还有义气二字？\n这还是南宫世家的地界，奉劝你可别敬酒不吃，吃罚酒！
Story/D_2_2_3_4_3_Break_01_03_002,嫂子哎，你要搬后台，怎不提钟家，却提南宫世家？\n莫非你也知道，你夫郎压根就是个狐假虎威的张狂懦夫？\n与其跟了他，还不如跟丐儿我作乞丐婆子呢。
Story/D_2_2_3_4_3_Break_01_03_003,你说这话忒也难听！\n枉你和我夫郎称兄道弟，还蹭我们钟家酒饭。
Story/D_2_2_3_4_3_Break_01_03_004,吃你们几顿饭怎么了？那不，我在此等你，你去告状吧。\n随你爱告谁告谁，就是南宫世家，也会顾念江湖道义，息事宁人。\n最多拿钱出来补贴吧，你一状告下去，到时看你夫郎颜面往哪摆。
Story/D_2_2_3_4_3_Break_01_03_005,你……！
Story/D_2_2_3_4_3_Break_01_03_006,这位丐帮的朋友，此言差矣。\n这位娘子不仅是钟家的媳妇，也是唐门嫁出去的女儿。\n你想动她，还得问唐门答应不答应。
Story/D_2_2_3_4_3_Break_01_03_007,师弟。
Story/D_2_2_3_4_3_Break_01_03_008,师姐，你到我身后。
Story/D_2_2_3_4_3_Break_01_03_009,好。
Story/T_2_2_3_4_3_Break_01_03_001,师弟不知不觉竟变得这样可靠了，真是令人刮目相看。
Story/D_2_2_3_4_3_Break_01_03_010,唐门？这都不是你地界，大老远从四川跑来这儿耀武扬威了是吧？\n你只道就你有靠山？我丐帮兄弟成千上万，\n就是一个大仁分舵也比你唐门加起来人多！人人一口唾沫都淹死你。
Story/D_2_2_3_4_3_Break_01_03_011,废话少说，我就一句话。
Story/D_2_2_3_4_3_Break_01_03_012,什、什么话？
Story/D_2_2_3_4_3_Break_01_03_013,我二师兄辣手相公唐铮也在江陵府。
Story/T_2_2_3_4_3_Break_01_03_002,啊……结果还是搬出二师兄的名号吓唬人。
Story/D_2_2_3_4_3_Break_01_03_014,哼……哼，我可不是怕怕、怕了你二师兄。\n就是……就是……那啥，江湖道义……。
Story/D_2_2_3_4_3_Break_01_03_015,这么讲江湖道义，那我便去请二师兄来，跟你老兄结识一下。
Story/D_2_2_3_4_3_Break_01_03_016,不，不不用了，我饭刚盛，还没吃来着！\n我先回去吃饭！凉了多可惜啊。
Story/D_2_2_3_4_3_Break_01_03_017,有机可趁，吃我一刀臭乞丐！
Story/D_2_2_3_4_3_Break_01_03_018,呃啊！！
Story/D_2_2_3_4_3_Break_01_03_019,……居然……偷袭？
Story/D_2_2_3_4_3_Break_01_03_020,且慢。
Story/D_2_2_3_4_3_Break_01_03_021,怎样？
Story/D_2_2_3_4_3_Break_01_03_022,你老兄还欠我师姐一句道歉。
Story/D_2_2_3_4_3_Break_01_03_023,别得寸进尺了丑八怪！\n皮痒痒不挨打不痛快是吧！
Story/D_2_2_3_4_3_Break_01_03_024,我会记住你这句话，待二师兄宰了你，就当你墓志铭吧。
Story/D_2_2_3_4_3_Break_01_03_025,唔！
Story/D_2_2_3_4_3_Break_01_03_026,不是要打架吗？来呀！来呀！
Story/D_2_2_3_4_3_Break_01_03_027,唔……老、老子大不了跟你拚了！
Story/D_2_2_3_4_3_Break_01_03_028,好、好啊，你竟不怕我二师兄！\n你好胆别走，我和师姐这就去请二师兄来治你这恶丐！
Story/D_2_2_3_4_3_Break_01_03_029,现在想脚底抹油，已经太迟啦！
Story/D_2_2_3_4_3_Break_01_03_030,"{punch=0.2,1}{size=40}──战你娘亲啦！{/size}{/punch}"
Story/D_2_2_3_4_3_Break_01_03_01_001,大师兄，多亏你来了。
Story/D_2_2_3_4_3_Break_01_03_01_002,小事一桩。
Story/D_2_2_3_4_3_Break_01_03_01_003,大、大师兄，好久不见了！
Story/D_2_2_3_4_3_Break_01_03_01_004,对呀，师妹看起来气色也不错，变得漂亮了。
Story/D_2_2_3_4_3_Break_01_03_01_005,……！
Story/T_2_2_3_4_3_Break_01_03_01_001,镇定点啊我，我、我已经嫁为人妇了！
Story/D_2_2_3_4_3_Break_01_03_01_006,没事那我走了。
Story/D_2_2_3_4_3_Break_01_03_01_007,这就要走了吗？
Story/D_2_2_3_4_3_Break_01_03_01_008,咻～
Story/D_2_2_3_4_3_Break_01_03_01_009,咻……是吧，老是这样一下就不见人影了。
Story/T_2_2_3_4_3_Break_01_03_01_002,这种桥段，从前在唐门时时上演。
Story/D_2_2_3_4_3_Break_01_03_01_010,喝！
Story/D_2_2_3_4_3_Break_01_03_01_011,你……想不到竟是硬爪子，好汉不吃眼前亏。\n哼，饭也不吃便是，就是乞丐，也不见得便希罕你钟家的粥水！
Story/D_2_2_3_4_3_Break_01_03_01_012,师弟，你武功怎么变那么高强的？\n你不是说你还没入室吗？
Story/D_2_2_3_4_3_Break_01_03_01_013,啊，这个说来话长，我的武功多半是自学的。
Story/T_2_2_3_4_3_Break_01_03_01_003,自学……？师弟看起来不像是这么聪明的人啊。
Story/D_2_2_3_4_3_Break_01_03_01_014,师弟，这回真多亏了你，师姐好生感激。
Story/D_2_2_3_4_3_Break_01_03_01_015,我总算有帮上你的忙了。
Story/D_2_2_3_4_3_Break_01_03_01_016,……哈哈，谢谢。
Story/D_2_2_3_4_3_Break_01_03_01_017,想请你出力的事还不只这些喔。\n火工、掌厨、派粥，缺的是人手，随我来吧～
Story/N_2_2_3_4_3_Break_01_03_01_001,你随着师姐进入安济坊，打声招呼，便忙碌起来。\n师姐也捋起衣袖，露出皓皓素腕，忙里忙外。
Story/N_2_2_3_4_3_Break_01_03_01_002,你在唐门伙房可不是白混的，一出手便大幅改良了安济坊的饮食。\n不单节约开支，还能兼顾养生。
Story/N_2_2_3_4_3_Break_01_03_01_003,你不仅包办火工杂事，还无偿为安济坊里鳏寡孤独废疾者看病治伤。\n他们无不感激涕零，泪眼朦胧望见你的脸，丝毫不觉难看。
Story/D_2_2_3_4_3_Break_01_03_01_018,师姐，请留步吧。\n我只能帮你到今天为止了。
Story/D_2_2_3_4_3_Break_01_03_01_019,多谢你啦，帮了我大忙。
Story/D_2_2_3_4_3_Break_01_03_01_020,小事一桩。
Story/D_2_2_3_4_3_Break_01_03_01_021,……师弟，且慢，我想和你说一件事。
Story/D_2_2_3_4_3_Break_01_03_01_022,请说？
Story/D_2_2_3_4_3_Break_01_03_01_023,这本丐帮的秘籍给你。\n你不要的话，就帮我扔掉吧。
Story/D_2_2_3_4_3_Break_01_03_01_024,你怎么会有丐帮的武功秘籍？
Story/D_2_2_3_4_3_Break_01_03_01_025,从我丈夫身上抢的。\n他最近经常对我发怒，说我害他在朋友面前抬不起头来。\n前几天喝了酒回家，扬言要用这部新学的武功把我按在墙上打。
Story/D_2_2_3_4_3_Break_01_03_01_026,岂有此理！你家在哪！
Story/D_2_2_3_4_3_Break_01_03_01_027,急什么，你去我家是想干嘛？\n先静一静听我把话说完呀。
Story/D_2_2_3_4_3_Break_01_03_01_028,于是我情急之下，就反手推了他。\n成亲多年，我还是头一次对他发脾气。\n他吓坏了，我也是。看我惊慌失措的样子，他脾气又渐渐大起来。
Story/D_2_2_3_4_3_Break_01_03_01_029,可他不知道的是，我惊讶的是他武功原来如此差劲。\n当下也不容让了，你看，我把自己一双拳头都打肿了。
Story/D_2_2_3_4_3_Break_01_03_01_030,痛吗？
Story/D_2_2_3_4_3_Break_01_03_01_031,痛快得很，哈哈哈。\n他挨打时还嘴硬，叫我等着，要找丐帮兄弟对付我，\n要不就搬出南宫世家来压我、还扬言要写休书赶我出家门之类的。
Story/D_2_2_3_4_3_Break_01_03_01_032,你不怕吗？
Story/D_2_2_3_4_3_Break_01_03_01_033,不怕，我恨不得他赶快写休书。\n娘家要是嫌我丢人，我索性就回去唐门了。\n到时请你帮我多说好话喔。
Story/D_2_2_3_4_3_Break_01_03_01_034,好，一定。
Story/D_2_2_3_4_3_Break_01_03_01_035,师弟，慢走，青山不改，绿水长流。
Story/D_2_2_3_4_3_Break_01_03_01_036,嗯，师姐保重。
Story/D_2_2_3_4_3_Break_01_04_001,哦哦，可把你盼来了，赵少侠！
Story/D_2_2_3_4_3_Break_01_04_002,江行老客气了，那么我该做什么好呢？
Story/D_2_2_3_4_3_Break_01_04_003,和上回说的一样，不必做什么特别的事。\n只消陪江某在这渡口巡视水手工作情形就好，容易得很。\n预计最迟本月中旬，上官家那船也就该到了。
Story/D_2_2_3_4_3_Break_01_04_004,老板，货都点齐了，你核对一下清单。
Story/D_2_2_3_4_3_Break_01_04_005,你找别人核去，没看到江某在和唐门大侠谈正事吗！\n搬东西小心点，这一船都是瓷器，碰坏了要你赔。
Story/D_2_2_3_4_3_Break_01_04_006,晓得啦。
Story/D_2_2_3_4_3_Break_01_04_007,{size=24}什么唐门大侠，有什么了不起，呸。{/size}
Story/D_2_2_3_4_3_Break_01_04_008,让赵少侠见笑了，请坐，请坐。\n江某这就喊人去茶汤会，找茶博士来泡壶浓茶暖身。\n要不江边风大，容易着凉。
Story/T_2_2_3_4_3_Break_01_04_001,飞石帮众和水手顶着日头，汗流浃背在工作。\n我却在这里好整以暇光看着，妥当吗？
Story/O_2_2_3_4_3_Break_01_04_001,管他的，谁要自讨苦吃
Story/N_2_2_3_4_3_Break_01_04_001,难得有人如此奉承，你便接受了江行老的好意，与他品茶谈天。
Story/N_2_2_3_4_3_Break_01_04_002,江行老虽不是文人出身，却有不少生意经，每日教你品鉴瓷器、古玩。\n几日深谈下来，令你眼界大开。
Story/O_2_2_3_4_3_Break_01_04_002,不做事就浑身不对劲
Story/D_2_2_3_4_3_Break_01_04_009,江行老，不如我也下去给你打工吧。\n我这人劳碌惯了，不动动筋骨就浑身痒痒。
Story/D_2_2_3_4_3_Break_01_04_010,这……这如何使得？
Story/D_2_2_3_4_3_Break_01_04_011,放心，是我自己想做的，江行老也不必特别照拂。\n我自己去向工头讨活干。
Story/N_2_2_3_4_3_Break_01_04_003,你说罢，果真捋起衣袖裤管，下场和水手、飞石帮众一块做工。
Story/N_2_2_3_4_3_Break_01_04_004,飞石帮本来与你唐门颇有嫌隙，可都不是针对你个人。\n最初几日还对你冷嘲热讽，聚众排挤你。\n但共患难的人，往往最能见真心，尤其是你不必亲为而甘愿为之。
Story/N_2_2_3_4_3_Break_01_04_005,你和飞石帮众日日做着一样的苦力活，吆喝着挥洒汗水，\n完事收工后去酒肆沽些便宜黄酒痛饮，要不了多久，便打成一片了。
Story/D_2_2_3_4_3_Break_01_04_012,算来就是今天了，赵少侠，请你今日勿要随意走动。\n非得好整以暇，神态自若，往江某身边一站，才有说服力。
Story/D_2_2_3_4_3_Break_01_04_013,好，我理会得。
Story/D_2_2_3_4_3_Break_01_04_014,哦……可以看到了帆影了。\n那艘船，就是借给上官大小姐的。比先前见到的都大吧？\n我敢说长江江面之上，不会再有比我们江氏船会更气派的船了。
Story/D_2_2_3_4_3_Break_01_04_015,准备迎接！船要靠岸了，大伙都精神点！\n听着，没有我的号令，不要随便动手去搬货。\n先等江某和他们沧帮中带头的谈完……。
Story/D_2_2_3_4_3_Break_01_04_016,老板，好像不大对劲？沧帮的人是这衣色的吗？
Story/D_2_2_3_4_3_Break_01_04_017,我自家水手都没说话，要你个飞石帮的外人来多嘴？\n沧帮的人爱穿啥就穿啥，谁说发你一套制服便得天天都穿。\n别废话了，去排队迎接，营造出欢迎的气氛。
Story/D_2_2_3_4_3_Break_01_04_018,好吧。
Story/T_2_2_3_4_3_Break_01_04_002,……不，好像当真不大对劲。\n就是平时不穿制服，接头时也不至于如此草率才对。
Story/D_2_2_3_4_3_Break_01_04_019,……江行老，你后退点，别站太前面。
Story/D_2_2_3_4_3_Break_01_04_020,怎么，赵少侠，你也来说这种话？\n可千万别再和沧帮起冲突，要不得罪上官大小姐，你我都得皮绷紧点。
Story/D_2_2_3_4_3_Break_01_04_021,怎、怎么回事！\n你们沧帮……竟然敢在江陵府亮刀子？还有没有王法？
Story/D_2_2_3_4_3_Break_01_04_022,别说了，快来人，护江行老后退！
Story/D_2_2_3_4_3_Break_01_04_023,赵少侠，多亏你及时出手！江某在这只会碍事，先走一步。
Story/D_2_2_3_4_3_Break_01_04_024,你们不是沧帮弟子吧？
Story/D_2_2_3_4_3_Break_01_04_025,搜哒，挖咧挖咧挖，喜啰撒妹纠哒！
Story/D_2_2_3_4_3_Break_01_04_026,你在念什么咒语？阴阳怪气的。
Story/D_2_2_3_4_3_Break_01_04_027,搜依兹欧补口啰死！
Story/D_2_2_3_4_3_Break_01_04_028,又、又来一个，到底在说什么？
Story/D_2_2_3_4_3_Break_01_04_029,老弟别慌，咱们飞石帮给你撑腰！
Story/D_2_2_3_4_3_Break_01_04_030,哈？白鲨帮？白鲨帮怎么会在内陆活动？
Story/D_2_2_3_4_3_Break_01_04_031,你、你怎么知道！
Story/D_2_2_3_4_3_Break_01_04_032,你方才自己说的。
Story/D_2_2_3_4_3_Break_01_04_033,都喜哒？哪谁舞抠咖奶？搜依兹哇……！
Story/D_2_2_3_4_3_Break_01_04_034,(白鲨语)我是赵活啊。
Story/D_2_2_3_4_3_Break_01_04_035,(白鲨语)是赵活兄弟！
Story/D_2_2_3_4_3_Break_01_04_036,(白鲨语)不行，我们应该一边假打一边说话。
Story/D_2_2_3_4_3_Break_01_04_037,(白鲨语)好，来吧！
Story/D_2_2_3_4_3_Break_01_04_01_001,混蛋，各位兄弟，斗是斗不过了，\n把货物人质都推下船减轻重量，扬帆快跑！
Story/D_2_2_3_4_3_Break_01_04_01_002,呼……总算跑了。
Story/D_2_2_3_4_3_Break_01_04_01_003,混蛋，被这群家伙拖延太久了。\n只怕就算事情办成了，咱们也难以脱身。\n说到底帮主压根没交代逃生路线啊！
Story/D_2_2_3_4_3_Break_01_04_01_004,不打了，各位兄弟，逃命要紧。\n咱们把货物人质都推下船减轻重量，扬帆快跑！
Story/D_2_2_3_4_3_Break_01_04_01_005,呼……得救了。
Story/D_2_2_3_4_3_Break_01_04_01_006,帮我……叫大夫。
Story/D_2_2_3_4_3_Break_01_04_01_007,好！
Story/O_2_2_3_4_3_Break_01_04_02_001,哈哈哈，我来助你们！(混乱邪恶)
Story/D_2_2_3_4_3_Break_01_04_02_001,哈哈哈！这么好玩的事怎能少了我！走！
Story/D_2_2_3_4_3_Break_01_04_02_002,这才是好兄弟呢！走！
Story/N_2_2_3_4_3_Break_01_04_02_001,你受了船会行老的委托，竟然反过来加入海盗一伙。\n浑然无惧官兵，浩浩荡荡进城，往安济坊去。
Story/D_2_2_3_4_3_Break_01_04_02_003,就是这！这里面住了一堆孤儿、乞丐、寡妇、残障！嘻嘻！
Story/D_2_2_3_4_3_Break_01_04_02_004,很好，今日须怪不得我们白鲨帮的心狠手辣啦！\n里面的人听着，速速给我出来！
Story/D_2_2_3_4_3_Break_01_04_02_005,要不出来，别怪我们闯进去啦！
Story/D_2_2_3_4_3_Break_01_04_02_006,你、你们要干嘛……这里面都是吃不饱、穿不暖的可怜人，\n你们这群强盗……要欺负人，怎挑这里下手？\n只要我钟家人在此，就别想得逞！
Story/D_2_2_3_4_3_Break_01_04_02_007,给我闭嘴～八婆！
Story/D_2_2_3_4_3_Break_01_04_02_008,居然骂我八婆，我还很年轻的吧！
Story/D_2_2_3_4_3_Break_01_04_02_009,哈！不挑这里下手，难道去挑有钱人家吗？
Story/D_2_2_3_4_3_Break_01_04_02_010,上啊弟兄们，破门！扔东西！
Story/D_2_2_3_4_3_Break_01_04_02_011,想都别想，你们这群无法无天的恶匪，\n不怕官兵，难道还不怕南宫世家吗？
Story/D_2_2_3_4_3_Break_01_04_02_012,笑话，也不打听打听，\n东海饿鬼道白鲨帮是一群怎样穷凶极恶的家伙！\n别说南宫世家，六大派连手，我们又怕你何来？
Story/D_2_2_3_4_3_Break_01_04_02_013,饿、饿鬼道──你们是魔教中人？
Story/D_2_2_3_4_3_Break_01_04_02_014,正是，你让不让开，臭小娘子？
Story/D_2_2_3_4_3_Break_01_04_02_015,我……我死也不让，你们将我也杀死好了。
Story/D_2_2_3_4_3_Break_01_04_02_016,别急，今日此坊中，一个也跑不了！全都得死，上啊！
Story/D_2_2_3_4_3_Break_01_04_02_017,放开我！你……你这衣色，我想起来了，\n你不是唐门的外姓弟子赵活吗？何以和这些邪恶之辈厮混！
Story/D_2_2_3_4_3_Break_01_04_02_018,哈哈，我也不知道。
Story/D_2_2_3_4_3_Break_01_04_02_019,你这疯子！
Story/N_2_2_3_4_3_Break_01_04_02_002,此时，院坊中传出阵阵尖叫声。
Story/D_2_2_3_4_3_Break_01_04_02_020,有种的杀了我！别动那些手无缚鸡之力的人！
Story/N_2_2_3_4_3_Break_01_04_02_003,随即又传出欢呼声。
Story/D_2_2_3_4_3_Break_01_04_02_021,赵活兄弟，搞定啦，咱们快走！
Story/D_2_2_3_4_3_Break_01_04_02_022,多谢好心的大爷们，给米又给药，比官府还慈悲。
Story/D_2_2_3_4_3_Break_01_04_02_023,住口！外面风大，快回去不要着凉！
Story/D_2_2_3_4_3_Break_01_04_02_024,是，多谢大爷，老儿到死都记着你们的好。
Story/D_2_2_3_4_3_Break_01_04_02_025,咦？咦？
Story/D_2_2_3_4_3_Break_01_04_02_026,那些米粮、鱼肉都是你们送的？
Story/D_2_2_3_4_3_Break_01_04_02_027,不是送，而是强迫你们吃！\n我旁边这兄弟方才不是说得很清楚了吗？\n你们今天一个也别想活！全都给我吃撑死去吧！
Story/D_2_2_3_4_3_Break_01_04_02_028,难道你们，其实是好人？
Story/D_2_2_3_4_3_Break_01_04_02_029,大错特错，劝你别以为他们好什么心。\n刘帮主这么做的用意，无非是要跟官府作对，打坏行情，收买人心。\n让有钱人赔得哭爹喊娘，让穷人家吃得头好壮壮！
Story/D_2_2_3_4_3_Break_01_04_02_030,说得再对也没有了，不愧是从帮主手下劫后余生的男人！\n传说中的蓝色混蛋。
Story/T_2_2_3_4_3_Break_01_04_02_001,……什么跟什么，劫富济贫，这不就是做好事吗？\n啊，不对，我如今是钟家的媳妇，对富人而言，他们就是坏人啊。\n不，他们与穷苦人同一阵线，怎能算坏人？如果他们是好人，代表……
Story/T_2_2_3_4_3_Break_01_04_02_002,我才是坏人？
Story/D_2_2_3_4_3_Break_01_04_02_031,对。
Story/D_2_2_3_4_3_Break_01_04_02_032,对什么对啦，你又知道什么了？
Story/D_2_2_3_4_3_Break_01_04_02_033,你方才不是在想『这蓝衣服的好人，莫非是降世神仙吗？』
Story/D_2_2_3_4_3_Break_01_04_02_034,对。
Story/D_2_2_3_4_3_Break_01_04_02_035,对你个头，我才没有那样想！
Story/D_2_2_3_4_3_Break_01_04_02_036,臭小娘子，怎么那么多话，还不快进去！\n小心被官兵当成和我们一伙的！
Story/D_2_2_3_4_3_Break_01_04_02_037,师姐～你最好乖乖听话，要不然我可舔刀子了。
Story/D_2_2_3_4_3_Break_01_04_02_038,我舔～
Story/D_2_2_3_4_3_Break_01_04_02_039,神经病……。
Story/D_2_2_3_4_3_Break_01_04_02_040,总而言之，多谢你们了。
Story/D_2_2_3_4_3_Break_01_04_02_041,好像听到官兵吆喝的声音了，大家快跑吧。
Story/D_2_2_3_4_3_Break_01_04_02_042,……说起来，帮主没交代之后的事，该往哪里跑比较好？
Story/D_2_2_3_4_3_Break_01_04_02_043,你们之后没计划了？
Story/D_2_2_3_4_3_Break_01_04_02_044,没了。
Story/D_2_2_3_4_3_Break_01_04_02_045,我现在主张跟你们不是一路的，你觉得来得及吗？
Story/D_2_2_3_4_3_Break_01_04_02_046,一定来不及，方才招摇过市，都是你带头的。
Story/D_2_2_3_4_3_Break_01_04_02_047,这种时候，就该我们出场啦！\n白鲨帮的都随我们来，西门守备薄弱，从那里突围！\n丐帮大仁分舵的弟兄们都已经准备接应了！
Story/D_2_2_3_4_3_Break_01_04_02_048,敢问丐帮何以要出手相助？
Story/D_2_2_3_4_3_Break_01_04_02_049,泥教不就是玩泥巴的，玩泥巴的少得了乞丐们吗？\n爱凑热闹的唐门傻子，你问问你身后的饿鬼众，我们是谁？
Story/D_2_2_3_4_3_Break_01_04_02_050,你们是乞丐呀。
Story/D_2_2_3_4_3_Break_01_04_02_051,妈的，白鲨帮的全是疯子，干脆叫白痴帮好了。
Story/D_2_2_3_4_3_Break_01_04_02_052,我们本来是正常人，换作你去给我们帮主荼毒，一样会疯掉好吧。
Story/D_2_2_3_4_3_Break_01_04_02_053,旁边这个赵活例外，他没被荼毒就怪怪的。
Story/D_2_2_3_4_3_Break_01_04_02_054,呵。
Story/D_2_2_3_4_3_Break_01_04_02_055,算了，你既是自己人，说也无妨。\n今日好教你知晓，泥教畜生道法王，就是本帮帮主王二壮！
Story/D_2_2_3_4_3_Break_01_04_02_056,！
Story/D_2_2_3_4_3_Break_01_04_02_057,难打……头？
Story/D_2_2_3_4_3_Break_01_04_02_058,这唐门的震惊也就算了，你臭海盗吃惊个屁！
Story/D_2_2_3_4_3_Break_01_04_02_059,你也体谅一下，我们水深火热，已经成了自然反应。\n帮主每次语气夸张起来，我们若不立时表演，就会被鲨鱼含住。
Story/D_2_2_3_4_3_Break_01_04_02_060,啊～怎样都好，我不跟你们说话了，跟我来就是。\n突破西门把守的官兵，就安全了。
Story/O_2_2_3_4_3_Break_01_04_02_002,你们会没命的(劝退)
Story/D_2_2_3_4_3_Break_01_04_02_061,此处是南宫世家的地盘，你们离岸太远，就没退路了。
Story/D_2_2_3_4_3_Break_01_04_02_062,说得也对，我可不想没命。\n那可怎么办？帮主啥都没说人就跑了。
Story/D_2_2_3_4_3_Break_01_04_02_063,……相识一场，我怎能看你们送死。\n趁官兵未到，你们召集兄弟，把货扔上岸，速速扬帆顺流逃跑吧。\n记得到下个渡口以前必须化整为零，江氏船会一定带着官兵拦截你们。
Story/D_2_2_3_4_3_Break_01_04_02_064,但这些米粮……。
Story/D_2_2_3_4_3_Break_01_04_02_065,你们若信得过我，我送过去便是。
Story/O_2_2_3_4_3_Break_01_04_02_003,我们信你。
Story/D_2_2_3_4_3_Break_01_04_02_066,……好，既然你都这么说了，便依你。
Story/D_2_2_3_4_3_Break_01_04_02_067,{size=40}(白鲨语)小的们！把货推上岸，走人！{/size}
Story/D_2_2_3_4_3_Break_01_04_02_068,赵活兄弟，接下来看你的了。
Story/O_2_2_3_4_3_Break_01_04_02_004,不行！
Story/D_2_2_3_4_3_Break_01_04_02_069,……不行，不是我们信不过你。\n赵活兄弟，你是和我们是一块吃鱼脍的愉快伙伴。\n但此事乃是帮主亲口交代的，绝对不能有闪失。
Story/D_2_2_3_4_3_Break_01_04_02_070,说得对，落入正道人士手中，最多是死路一条。\n和帮主做对，嘶～我宁愿死两次。
Story/D_2_2_3_4_3_Break_01_04_02_071,我竟然无法反驳。
Story/D_2_2_3_4_3_Break_01_04_02_072,你若不帮忙，就闪一边去吧，别来碍事就好。
Story/D_2_2_3_4_3_Break_01_04_02_073,……。
Story/D_2_2_3_4_3_Break_01_04_02_074,官兵追来啦！大家跑快点！
Story/D_2_2_3_4_3_Break_01_04_02_075,往哪里走！
Story/D_2_2_3_4_3_Break_01_04_02_076,喂，恶鬼道的臭海盗，快跟我来！\n往西门突破，畜牲道的丐帮弟兄都在外面等着接应了！
Story/D_2_2_3_4_3_Break_01_04_02_077,事情经过就是这样了，听说他们还真闯了出去。\n真是一群走运的家伙们。
Story/D_2_2_3_4_3_Break_01_04_02_078,你道他们真是走运？乞丐在西门外打架闹事，吸引门卫注意，\n猝不及防，才被那群劫船的盗匪顺利突破。\n其后乞丐们又闹做一团，妨碍官兵追击。
Story/D_2_2_3_4_3_Break_01_04_02_079,这显然是有人精心布局的，只能认定丐帮与劫船匪众有勾结。
Story/D_2_2_3_4_3_Break_01_04_02_080,是这样吗？
Story/T_2_2_3_4_3_Break_01_04_02_003,那群白鲨帮的海盗朋友，看起来不像知情的样子。\n但刘兄再恶，也不曾派自己人去送死，说不定正如二师兄所言，\n他大智若愚，一切全在掌中也未可知。
Story/N_2_2_3_4_3_Break_01_04_02_004,你心念及此，对刘颚这狂人又多了几分忌惮。
Story/N_2_2_3_4_3_Break_01_04_02_005,虽说事情的发展超乎想象，江行长血本无归，仍是守约付了你酬金。
Story/D_2_2_3_4_3_Break_01_04_02_081,呃啊！赵、赵活兄弟，你何以突然下此狠手？\n我们……我们不是一起吃过鱼脍的愉快伙伴吗……？
Story/D_2_2_3_4_3_Break_01_04_02_082,啊。
Story/D_2_2_3_4_3_Break_01_04_02_083,背叛者！纳命来！
Story/D_2_2_3_4_3_Break_01_04_02_084,等等，是误会啊！
Story/D_2_2_3_4_3_Break_01_04_02_085,老弟别慌，飞石帮大爷来助你！
Story/D_2_2_3_4_3_Break_01_04_02_01_001,……你再说一次，你为什么会跟白鲨帮的海盗混在一块来着？
Story/D_2_2_3_4_3_Break_01_04_02_01_002,呃……就是一起吃过鱼脍。
Story/D_2_2_3_4_3_Break_01_04_02_01_003,行了，你还是别说了。\n跟你打交道实在太累了。
Story/D_2_2_3_4_3_Break_01_04_02_01_004,啊就真的啊……。
Story/D_2_2_3_4_3_Break_01_04_02_01_005,你二师兄主张你心智疯狂，可能是中了毒。\n这些天送进牢里的膳食，都有驱毒醒脑的效果。\n坦白说，本官对此存疑。
Story/D_2_2_3_4_3_Break_01_04_02_01_006,但你一来做的到底不是坏事，闯关时也没杀伤官兵性命。\n还主动为海盗、乞丐断后，也算有情有义。
Story/D_2_2_3_4_3_Break_01_04_02_01_007,我不是断后，当时我的脚扭到了。\n张开双手并非打算拦阻官兵，是想投降来着。
Story/D_2_2_3_4_3_Break_01_04_02_01_008,……。
Story/D_2_2_3_4_3_Break_01_04_02_01_009,自首能不能减刑？
Story/D_2_2_3_4_3_Break_01_04_02_01_010,行了，别再说了，本官给你弄得一个头两颗大。\n至少今天之内都不想再听你废话，你已经可以出来了。
Story/D_2_2_3_4_3_Break_01_04_02_01_011,我可以出去了？
Story/D_2_2_3_4_3_Break_01_04_02_01_012,南宫世家都发话了，又散财抚恤受伤的官兵，\n这件事自然就大事化小，小事化无了。
Story/D_2_2_3_4_3_Break_01_04_02_01_013,二师兄！
Story/D_2_2_3_4_3_Break_01_04_02_01_014,……宋大人，这件蠢货，确是我唐门不幸的败类。
Story/D_2_2_3_4_3_Break_01_04_02_01_015,唐二侠，人交你了，盼你下回好生管束。
Story/D_2_2_3_4_3_Break_01_04_02_01_016,……牢饭好吃吗？
Story/D_2_2_3_4_3_Break_01_04_02_01_017,还行。
Story/D_2_2_3_4_3_Break_01_04_02_01_018,明日便是南宫寿宴，去把你自己洗刷干净。
Story/D_2_2_3_4_3_Break_01_04_02_01_019,就这样？我以为你会宰了我，至少也狠狠说我几句。
Story/D_2_2_3_4_3_Break_01_04_02_01_020,你和丐帮是非不分，去和泥教中人搅和，虽然荒唐，\n倒也没做什么恶事，何必急着讨罚？
Story/D_2_2_3_4_3_Break_01_04_02_01_021,说、说得也是。
Story/T_2_2_3_4_3_Break_01_04_02_01_001,看来二师兄不知道丐帮也受泥教所支配。
Story/D_2_2_3_4_3_Break_01_04_02_01_022,我也不想在吉日之前造杀业。\n你用不着心急，回唐门，我再找你算账便是。
Story/D_2_2_3_4_3_Break_01_04_02_01_023,不要哇！
Story/N_2_2_3_4_3_Break_01_04_02_01_001,二师兄态度意外的平和，也许在他心中，你功过相抵了也说不定。
Story/D_2_2_3_4_3_Break_01_04_03_001,这次多亏赵少侠挺身而出，击退了那群海盗，\n我这些货物才能失而复得。\n唐门不愧是三大世家，不鸣则已，一鸣惊人啊！
Story/D_2_2_3_4_3_Break_01_04_03_002,哪里，哪里。以在下一人之力，岂能逼退这么多强盗。\n都是仰仗南宫家世代镇守江陵的威风，又得飞石帮的相助，\n这才侥幸吓退敌人。
Story/D_2_2_3_4_3_Break_01_04_03_003,江行长此言差矣，挺身而出的岂止我一人。\n你没见到今日渡口，飞石帮的弟兄面对明晃晃的刀子，没一人退却。\n在下斗胆，替飞石帮的弟兄向江行长邀个功。
Story/D_2_2_3_4_3_Break_01_04_03_004,竟还如此谦逊，难得，难得！\n江某当然不会忘了飞石帮鼎力相助，非但要给红包，\n还得开几桌筵席，好生酬谢！
Story/N_2_2_3_4_3_Break_01_04_03_001,事后江行长果真依言办了几桌酒席。\n飞石帮众都是做粗工讨生活的人，习惯被呼来喝去，很少这般受礼遇。\n对你不由得心生感激。
Story/N_2_2_3_4_Break_001,总之要先查证事情是否属实。
Story/O_2_2_3_4_Break_01_001,大师兄：「开门见山逼问他。」
Story/D_2_2_3_4_Break_01_001,这一路可把我憋坏了，我的金钱镖已经饥渴难耐啦！\n直接跳上船问个清楚吧！反正真相已经查得八九不离十，\n就差他亲口认罪了。
Story/D_2_2_3_4_Break_01_002,这算什么方法？\n万一他抵死否认呢？
Story/D_2_2_3_4_Break_01_003,咱们可以假造牛长寿的遗书。\n就算不是铁证，他若心底有鬼，也会想抢来毁掉，以免身败名裂。
Story/D_2_2_3_4_Break_01_004,哦！师弟好主意！
Story/D_2_2_3_4_Break_01_005,总好过莽撞行事吧。
Story/D_2_2_3_4_Break_01_006,你可以自称牛长寿的兄弟，要为牛大人报仇。\n然后送上门去让他打个半死，他算准自己吃定你的时候，\n往往就会得意的把真相说出来了。
Story/D_2_2_3_4_Break_01_007,换言之就是苦肉计吧？
Story/D_2_2_3_4_Break_01_008,行，就这样办吧。
Story/D_2_2_3_4_Break_01_009,你当真？
Story/D_2_2_3_4_Break_01_010,舍我其谁？
Story/D_2_2_3_4_Break_01_011,那谭霸刀手里的破山斩，\n与上官世伯的金背龙王刀、广州流放客的割梦刀并称江湖四把……如今是三把刀。\n与他周旋凶险异常，功夫稍不到家，转瞬就会身首异处。
Story/D_2_2_3_4_Break_01_012,既然是我拉你们来的，那自然由我打头阵啦。\n万一我打不过，到时就有劳二师弟善后啦。
Story/D_2_2_3_4_Break_01_013,你真打算一对一单挑？\n我们有三个人，一拥而上围殴他不好吗？
Story/D_2_2_3_4_Break_01_014,大师兄，我们是来惩奸除恶，不是来找人比武的。\n何不三人齐上？
Story/D_2_2_3_4_Break_01_015,因为我的毒功未必能像暗器那般精准，保证指哪打哪。\n你们两头人猿在旁边乱窜，我反而难以施为；\n至于大师兄与人过招，也爱游走腾挪，钻人空子。
Story/D_2_2_3_4_Break_01_016,因此三人齐上，未必便胜过单打独斗。
Story/D_2_2_3_4_Break_01_017,钻人空子……这话怎么说得我很卑鄙似的。
Story/D_2_2_3_4_Break_01_018,不过二师弟所言非虚，我确实习惯单打独斗。\n对手功夫不怎样倒也算了，若与高手对决，我就无暇分神顾虑旁人了。
Story/D_2_2_3_4_Break_01_019,原来是这样，那我作用是啥？
Story/D_2_2_3_4_Break_01_020,我没跟你说过吗？你一路上怎么都不问呢？
Story/D_2_2_3_4_Break_01_021,你回想一下，我有机会问吗？\n你简直快得没人性！我光是追上你就快断气了。\n就算停下来我也是累到脑子一片空白，就算有话想对你说，也只有咒骂而已。
Story/D_2_2_3_4_Break_01_022,好吧，怪我。\n师弟，你第一要务便是在我们酣斗之际，在旁掠阵把风。\n防那谭霸刀不敌想跑，或者拿旁人为质，办得到吧？
Story/D_2_2_3_4_Break_01_023,交给我吧。
Story/D_2_2_3_4_Break_01_024,我尽力而为吧。
Story/D_2_2_3_4_Break_01_025,还有其他问题吗？
Story/D_2_2_3_4_Break_01_026,……有胜算的吧？
Story/D_2_2_3_4_Break_01_027,那是自然，我和二师弟连手打人，还没输掉过。
Story/D_2_2_3_4_Break_01_028,小孩打架和高手决斗，能混为一谈吗？
Story/D_2_2_3_4_Break_01_029,哼，不过我既然来了，想败也难。\n你以为我是谁？放心吧，最坏的打算不过就是要埋你大师兄罢了。
Story/D_2_2_3_4_Break_01_030,我懂了，先等谭霸刀消耗大师兄的力气，我再趁机给大师兄致命一击对吧？
Story/D_2_2_3_4_Break_01_031,等下，不对吧，刺杀的对象搞错了吧？
Story/D_2_2_3_4_Break_01_032,哼哼哈哈哈！
Story/D_2_2_3_4_Break_01_033,哈哈哈哈！
Story/D_2_2_3_4_Break_01_034,……呵，呵呵。\n千万不要公报私仇喔，二师弟，你笑起来真的不像开玩笑。
Story/D_2_2_3_4_Break_01_035,咦，才不要……。\n埋认识的人好可怕，别讲这种话啦。
Story/D_2_2_3_4_Break_01_036,你既然不愿埋，就沉入江里喂鱼吧。
Story/D_2_2_3_4_Break_01_037,那还好一点，不要叫我动手就好。\n生死有命，大师兄，你保重。
Story/D_2_2_3_4_Break_01_038,为什么已经在讨论我的后事了！太不吉利了啦！
Story/T_2_2_3_4_Break_01_001,不过还开得了玩笑，那就没问题了。
Story/T_2_2_3_4_Break_01_002,虽不觉得自己会输，但我亦知那谭霸刀成名绝非侥幸，\n这回可万万不能托大，真到不得已的时候，还得掩护二位师弟撤退。
Story/T_2_2_3_4_Break_01_003,哎呀，保险起见，我是不是先写封遗书比较好呀？
Story/N_2_2_3_4_Break_01_001,当下你便问店家，取了纸笔过来，\n心中草拟了一番，落笔写就一封颇有绿林草莽气势的密告信。
Story/O_2_2_3_4_Break_01_002,二师兄：「下毒折磨他。」
Story/D_2_2_3_4_Break_01_039,那谭霸刀手握宝刀，实力未知。\n只怕不是好对付的货色，贸然动手，我们讨不了好去。
Story/D_2_2_3_4_Break_01_040,万全之策，便是不由分说，先下手为强。\n趁着敌在明，我在暗，毒翻了那厮，再慢慢拷问不迟。
Story/D_2_2_3_4_Break_01_041,这……不是说要先查明真相吗？
Story/D_2_2_3_4_Break_01_042,你说你信那牛长寿，怎么，你连自己看人的眼光也不信了？\n莫非事到如今，还要向我说什么要正面对决方才不失磊落的漂亮话？
Story/D_2_2_3_4_Break_01_043,那倒没有，我若像南宫世家那样讲规矩，便不会到这里来了。
Story/D_2_2_3_4_Break_01_044,我调配一剂无色无味的麻毒，不至要了他的性命，只教他暂时动弹不得。\n你拿去予你那画舫上的红颜知己，下在酒水里。
Story/D_2_2_3_4_Break_01_045,如此甚好，倘若那谭霸刀能自证清白，再为他解毒，叩头谢罪便是。
Story/D_2_2_3_4_Break_01_046,若他真是冤枉，你要负起全责，叩三人份的头。\n最好再去当他仆人，供其使役个十几二十年，别再回唐门。
Story/D_2_2_3_4_Break_01_047,二师弟，你对我可真严厉呀。
Story/D_2_2_3_4_Break_01_048,哼。
Story/D_2_2_3_4_Break_01_049,……。
Story/N_2_2_3_4_Break_01_002,你对二师兄的作法无法十分认同，心里不是滋味儿，\n但也知道敌人实力强大，若不使非常手段，只怕此冤终究无法得雪，\n更甚者，我方还会出现伤亡者。无法可想，只得妥协。
Story/D_2_2_3_4_Break_01_050,好耶，老子最爱干这种缺德勾当，弄他！
Story/D_2_2_3_4_Break_01_051,最好别交大师兄那位朋友之手比较好。\n按大师兄所说，她不是女乐吗？\n万一她一时紧张，弹奏出了乱子，反而容易露出马脚。
Story/D_2_2_3_4_Break_01_052,──有理，那依你说该交谁好？
Story/D_2_2_3_4_Break_01_053,二师兄最好将药制成药香，待香满画舫，\n将所有人一股脑儿全部麻倒，那便万无一失了。
Story/D_2_2_3_4_Break_01_054,哇，师弟，你手段如此狠辣的吗？
Story/D_2_2_3_4_Break_01_055,成大事不拘小节，反正二师兄说此毒不会致命。\n但你们若失手，我难保不会被波及。\n说不得，只好为我的安危委屈一下大家。
Story/D_2_2_3_4_Break_01_056,这种话都说得心安理得，你也算老江湖了，失敬失敬。
Story/D_2_2_3_4_Break_01_057,哼，师弟这话正合我意。\n没人尖叫乱窜，我们反而容易办事。
Story/D_2_2_3_4_Break_01_058,就是说啊，大不了回头缴了谭霸刀的钱包，\n全给受波及的人当作赔礼就好。
Story/D_2_2_3_4_Break_01_059,慷他人之慨，原是你拿手绝活。
Story/D_2_2_3_4_Break_01_060,倘若那谭霸刀竟是清白的，就缴大师兄的钱包。
Story/D_2_2_3_4_Break_01_061,那此计可得从长计议了！
Story/N_2_2_3_4_Break_01_003,议罢，二师兄便寻处配药。\n几味随身携带的毒粉一加混合，\n唐门毒经所载只麻人不害命的『醍醐软筋散』便现世了。
Story/D_2_2_3_4_Break_01_062,大师兄，这醍醐软筋散是加味的，你纵有抗毒体质，也别沾到了。\n下入酒水时，记得以布遮掩脸面，当心反被麻倒。
Story/D_2_2_3_4_Break_01_063,我自理会得，我去也，你们二人便在岸边等我信号。\n稍晚画舫见啦！
Story/O_2_2_3_4_Break_01_003,干话：「扮女装去色诱他。」
Story/D_2_2_3_4_Break_01_064,……。
Story/D_2_2_3_4_Break_01_065,……。
Story/D_2_2_3_4_Break_01_066,岂有此理，恰似这般严肃时刻，合该肃穆以对。\n师弟你偏要提这种有趣到不行的点子，害得我心痒难耐！
Story/D_2_2_3_4_Break_01_067,……！？
Story/D_2_2_3_4_Break_01_068,何尝不可？你先套出话来，再给他一刀子。
Story/D_2_2_3_4_Break_01_069,那依你之见，由谁来扮女装最合适？
Story/O_2_2_3_4_Break_01_004,当然是你
Story/D_2_2_3_4_Break_01_070,哈哈哈！好呀，事不宜迟，\n我即刻去镇上买一套女装过来！
Story/D_2_2_3_4_Break_01_071,你失心疯了不成？掌门派你我出来办事，你尽和这蠢货一起胡闹。\n给我正经一点，你想让本门名声彻底毁于一旦吗！
Story/D_2_2_3_4_Break_01_072,呃啊，为什么是打我！
Story/D_2_2_3_4_Break_01_073,你明知大师兄是这种惟恐天下不乱的不靠谱玩意，就别再挑发他。
Story/D_2_2_3_4_Break_01_074,好啦。
Story/O_2_2_3_4_Break_01_005,二师兄
Story/D_2_2_3_4_Break_01_075,哈哈哈哈哈！
Story/D_2_2_3_4_Break_01_076,哈哈哈哈哈！
Story/D_2_2_3_4_Break_01_077,我看你是找死！
Story/D_2_2_3_4_Break_01_078,呃啊──！！
Story/D_2_2_3_4_Break_01_079,喂！二师弟你还真的下手啊！
Story/D_2_2_3_4_Break_01_080,哼，小惩大诫，叫他吃点苦头罢了。\n省得出口便是令人生厌的废话。
Story/D_2_2_3_4_Break_01_081,……。
Story/N_2_2_3_4_Break_01_004,你的舌头麻痹了，什么话也说不出来。\n好在几炷香后，麻痹消褪，才渐渐恢复如常。
Story/O_2_2_3_4_Break_01_006,让我来
Story/D_2_2_3_4_Break_01_082,哈哈哈哈哈你终于疯了！！
Story/D_2_2_3_4_Break_01_083,哈哈哈哈哈路上刚疯的哈哈哈！！
Story/T_2_2_3_4_Break_01_004,这二人脑子怕不是真有严重毛病。\n我得离远点，莫沾染了蠢气。
Story/N_2_2_3_4_Break_01_005,二师兄挪远了点，冷眼旁观，假作与你们并非一伙人。\n你和大师兄笑了好一阵子才缓过气来。
Story/D_2_2_3_4_Break_01_084,哈，笑得好累。\n讲正经的，师弟我觉得你这个主意果然还是行不通的。
Story/D_2_2_3_4_Break_01_085,你莫非怕我装得不像，被识破吗？
Story/D_2_2_3_4_Break_01_086,不是啊，你就算骗过了他，也会被砍啊哈哈哈！
Story/D_2_2_3_4_Break_01_087,哈哈哈哈哈！
Story/D_2_2_3_4_Break_01_088,唉。
Story/N_2_2_3_4_Break_01_006,待你们终于笑完，并确保不再狂态毕露，二师兄方才回转来。
Story/D_2_2_4_1_001,大师兄、三师兄已经先走一步，在前面探路打点了。\n虽说我是觉得有点过于慎重了啦，不过反正大师兄静不下来，\n放出去我们也乐得清净，免得他瞻之在前，忽焉在后窜来窜去。
Story/D_2_2_4_1_002,至于三师兄，当然是为了避免大师兄半路失踪，所以盯着他。\n二师兄的话，说是要绕道去一趟别处，与我们江陵府会合。
Story/D_2_2_4_1_003,本次出行盘缠，是由师门出资，犯不着太省。\n我请了一位车夫、租了一辆马车，负责接送我们到江陵府。\n不出意外的话，寿宴前一、二日便可抵达。
Story/D_2_2_4_1_004,我长这么大，还是第一次搭马车。
Story/D_2_2_4_1_005,我也是。
Story/D_2_2_4_1_006,小师妹，你基本没怎么下山过吧。\n每月一次由门中师弟妹带你下山认路的课题，你有认真记吗？
Story/D_2_2_4_1_007,有，但是记不住。
Story/D_2_2_4_1_008,下回我来带你吧。
Story/D_2_2_4_1_009,那我可以买色纸吗？
Story/D_2_2_4_1_010,当然可以，你想买什么都可以。
Story/D_2_2_4_1_011,不行！师弟，你别上小师妹的当。\n掌门规定，要她自己认得路才可以买色纸的。\n你要是太惯着她，既坏了规矩，对她将来也不好。
Story/O_2_2_4_1_001,为了小师妹着想，还是听从掌门指示
Story/D_2_2_4_1_012,……。
Story/D_2_2_4_1_013,小师妹……？
Story/N_2_2_4_1_001,小师妹似乎不高兴了。
Story/O_2_2_4_1_002,不管，宠爆
Story/D_2_2_4_1_014,那不给小师妹买色纸，我自己买了送给她。
Story/D_2_2_4_1_015,怎么……那么好。
Story/D_2_2_4_1_016,色纸生来就该被你拥有。
Story/T_2_2_4_1_001,就像我的心一样。
Story/D_2_2_4_1_017,二位师兄，路上小心。
Story/D_2_2_4_1_018,好，我知道了，回来再给你带色纸当礼物。
Story/D_2_2_4_1_019,谢谢。
Story/D_2_2_4_1_020,……。
Story/D_2_2_4_1_021,怎么了你，呆愣着？
Story/D_2_2_4_1_022,小师妹是不是不太高兴呀。
Story/D_2_2_4_1_023,何以见得？小师妹不是一年四季都没有表情的吗？\n别瞎想了，快上路吧，车夫已在山脚下等了。
Story/T_2_2_4_2_001,和小师妹一起旅行，这可能是我一生最美好的光景了。
Story/D_2_2_4_2_001,终于到啦！\n多亏大师兄、三师兄先行探路，我们一路上也没碰到什么问题。\n最不济的也有在山上人家借宿，没有露宿山林。
Story/D_2_2_4_2_002,就是说啊，算是很顺利吧。
Story/D_2_2_4_2_003,你们可来了，真慢哪。
Story/D_2_2_4_2_004,我这把半老骨头快给大师兄折腾散架了。\n谢天谢地，你们来了。四师弟，回程路上我和你交换。\n你年轻力壮，经得起折腾。
Story/D_2_2_4_2_005,世上没人经得起大师兄折腾好吗？\n他会用你勉强跟得上的速度一直摧残你，\n令你不至放弃，偏又喘不过气。
Story/D_2_2_4_2_006,哈哈哈，这也可算是一种体贴吧。
Story/D_2_2_4_2_007,我跟得上大师兄，不然师兄们都坐车吧。
Story/D_2_2_4_2_008,不行，决计不行！你跟大师兄一组太危险了。
Story/D_2_2_4_2_009,别说得我会对小师妹怎样好吗？我当她是亲妹子一样。
Story/D_2_2_4_2_010,问题不在那里，你一定会欺小师妹乖巧听话，拉着她到处乱跑吧！\n一个心血来潮，不是绕道去某某山寨作客，就是拐弯去某某贪官家里喝茶。
Story/D_2_2_4_2_011,……这倒是有可能，很有可能，嗯。
Story/D_2_2_4_2_012,你们人都到齐了。
Story/D_2_2_4_2_013,二师兄，你事情办好了吗？
Story/D_2_2_4_2_014,不劳你费心。
Story/D_2_2_4_2_015,喔。
Story/D_2_2_4_2_016,办好了。
Story/D_2_2_4_2_017,喔。
Story/D_2_2_4_2_018,二师兄，我以为你会慢些，你的事都告一段落了吗？
Story/D_2_2_4_2_019,不然我怎会在此？
Story/D_2_2_4_2_020,莫在此处说闲话了，你们来得太刚好，寿宴就要开席了。
Story/D_2_2_4_2_021,这便进去吧，大家自己提高警觉，别给肩甲戳瞎了。
Story/D_2_2_4_2_022,终于到南宫世家了。\n师弟，你准备好面对肩甲的威胁了吗？
Story/D_2_2_4_2_023,什么威胁……都到了别人家门前，别再说浑话了，当心挨打。
Story/D_2_2_4_2_024,哼……放马过来吧，连谭霸刀都不在话下了，\n哪里还怕那些区区肩甲。
Story/D_2_2_4_2_025,你们俩，差不多就行了，别再说浑话丢人。
Story/D_2_2_4_2_026,哦，等等，我的心脏好像有奇妙的感应。
Story/D_2_2_4_2_027,……手来，搭脉。
Story/D_2_2_4_2_028,不用，这个脉动，定是小师妹在附近无疑！
Story/D_2_2_4_2_029,……。
Story/D_2_2_4_2_030,师兄，大师兄，二师兄。\n我们来了。
Story/D_2_2_4_2_031,师兄，我们来了。
Story/D_2_2_4_2_032,小师妹！
Story/D_2_2_4_2_033,妈巴羔子，太神了。\n小师妹的脚步之轻，我趴地上施展地听都未必听得出来，你是怎么知道的？
Story/D_2_2_4_2_034,心灵感应。
Story/D_2_2_4_2_035,？……心灵……什么。
Story/D_2_2_4_2_036,小师妹，你过来这边，别靠近那个怪胎。
Story/D_2_2_4_2_037,啊……。
Story/D_2_2_4_2_038,怎么就你一人？该不会是走散了吧。
Story/D_2_2_4_2_039,我远远见到你们，跑过来的。\n三师兄、四师兄马上就到。
Story/D_2_2_4_2_040,你们徒步来的？
Story/D_2_2_4_2_041,坐马车。
Story/D_2_2_4_2_042,你第一次出远门，可有累着？
Story/D_2_2_4_2_043,还好。
Story/D_2_2_4_2_044,那就好，待会进去，可别失礼。
Story/D_2_2_4_2_045,好。
Story/D_2_2_4_2_046,……。
Story/N_2_2_4_2_001,忌妒的种子，在你心中萌芽。
Story/D_2_2_4_2_047,别恼了，师弟，没你想的那种事。\n我和二师弟、小师妹打小一起玩，都将她当亲妹看待，没有男女私情的。
Story/D_2_2_4_2_048,当真吗？小师妹如此可爱，你们怎会不动心的？
Story/D_2_2_4_2_049,那年我和二师弟都心有所属，你入门得晚，没曾见过。\n本门曾有一位特别漂亮的小师姑，名叫──
Story/D_2_2_4_2_050,唐布衣你给我住口！！去死！
Story/D_2_2_4_2_051,噫！二师弟那眼神是认真的！
Story/D_2_2_4_2_052,……？……。
Story/N_2_2_4_2_002,小师妹被突然暴怒的二师兄给吓到了。
Story/D_2_2_4_2_053,哦，我好像看到南宫深那个家伙了。
Story/D_2_2_4_2_054,更正一下，我是看到他的肩甲了，我去打声招呼。
Story/D_2_2_4_2_055,喂，不可──师弟，你在此等候三师弟他们。
Story/D_2_2_4_2_056,好。
Story/N_2_2_4_2_003,等不多时，便见到三师兄、四师兄在朝自己招手，快步过来。
Story/D_2_2_4_2_057,师妹，你突然丢下一句话便跑，咱们都还没和车夫结账呢。\n你人生地不熟，迷路怎办？下次可万万不能再这样莽撞了，知道吗？
Story/D_2_2_4_2_058,知道了。
Story/D_2_2_4_2_059,哦，我好像看到南宫深那个家伙了。
Story/D_2_2_4_2_060,更正一下，我是看到他的肩甲了，我去打声招呼。
Story/D_2_2_4_2_061,喂，不可──师弟，你在此等候三师弟他们。
Story/D_2_2_4_2_062,好。
Story/N_2_2_4_2_004,等不多时，便见到三师兄、四师兄在朝自己招手，快步过来。
Story/D_2_2_4_2_063,三师兄、四师兄。
Story/D_2_2_4_2_064,师弟，你们事情办好了吗？这回全靠你们了啊。
Story/D_2_2_4_2_065,放心，办得妥妥当当的。\n大师兄、二师兄都进去了，我们也进去吧。
Story/D_2_2_5_001,泰山岱岳双英──到──
Story/D_2_2_5_002,大名鼎鼎的岱岳双英到了，有失远迎，失敬失敬。\n贤昆仲不远千里来赴家父寿宴，南宫府蓬荜生辉，还请入座。
Story/D_2_2_5_003,南宫大侠客气了，太上家主是武林中最德高望重的老前辈。\n我们一家都受过老家主的恩惠，怎能不来？\n小小薄礼，还请笑纳。
Story/D_2_2_5_004,客气，客气。
Story/D_2_2_5_005,青城派掌门邹博邹大侠──到──
Story/D_2_2_5_006,邹掌门，邹道长，邹大哥～小弟可把你给盼来啦！
Story/D_2_2_5_007,南宫贤弟，别来无恙？
Story/D_2_2_5_008,康健得很，倒是你，似乎小有福态呀。
Story/D_2_2_5_009,别提了，自从作掌门以后，已很少与人切磋了，\n又一堆麻烦事情，费心劳力，每回想破釜沉舟动一动，又没能持之以恒。\n不知不觉身体就变这形状了。
Story/D_2_2_5_010,哈哈，好，不提，不提了。\n这便让下人引道长上座吧。
Story/D_2_2_5_011,好，贫道这回仍带了青城派的还虚丹，作为贺寿礼，\n下一个十年，仍会带这个。
Story/D_2_2_5_012,承蒙道长惠赐灵丹，有此丹，再活一百岁，也非难事。
Story/D_2_2_5_013,你们后退一点啦，全部挤在一起干嘛？
Story/T_2_2_5_001,哇干，是肩甲！连家丁也有！
Story/D_2_2_5_014,拜托了大师兄，此处人多，你可别说奇怪的话。
Story/D_2_2_5_015,行了，我理会得，你们退一边去。
Story/D_2_2_5_016,唐门第二代首席唐布衣唐大侠、唐铮唐二侠、唐升唐三爷、\n唐惟元唐四侠、掌门千金唐默铃唐女侠──到──
Story/D_2_2_5_017,唐门第二代首席唐布衣唐大侠、唐铮唐二侠、唐升唐三爷、\n唐惟元唐四侠──到──
Story/D_2_2_5_018,南宫世伯好，家师抱恙，不便远行，还请海量汪涵。\n晚辈奉家师之命率众师弟前来向太上家主贺寿，\n恭贺老太爷福如东海、寿比南山～。
Story/D_2_2_5_019,贤侄，莫和你世伯客气，南宫唐门，都是自己人啊。\n唉，只叹你师父这病根子，不知几时能除。\n待我得闲，怎么也得亲上唐门去探望他。
Story/D_2_2_5_020,多谢世伯关心，晚辈一定将世伯情意传达给师父。
Story/D_2_2_5_021,方才我听下人唱名，你们还带了贤侄女过来吗？\n来来，让我看看。
Story/D_2_2_5_022,去将大公子、二公子叫来与唐小娘子见面。
Story/D_2_2_5_023,是。
Story/D_2_2_5_024,南宫世伯好，我是……奴家名唤默铃，拜见世伯。
Story/D_2_2_5_025,哎哎，贤侄女何须如此多礼？我与你父亲是好兄弟、好朋友。\n你见我，就像见自家人一样便行了，别这么多虚礼，显得生份，懂吗？
Story/D_2_2_5_026,是，谢谢世伯。
Story/D_2_2_5_027,贤侄女品貌果然出众，一双眸子双瞳剪水，清澈又明亮，\n是遗传了你娘亲的花容月貌呀。
Story/D_2_2_5_028,世伯，见过我娘亲吗？
Story/D_2_2_5_029,那是当然，你娘亲是当代佳人，慕名争见的少年侠士何曾少过。\n此际你年纪尚小，眉宇间还有些稚气未脱，再大得几岁，\n我看又要有一群少年侠士在唐门山口挤破脑袋。
Story/T_2_2_5_002,想都别想！小师妹是我先发现的！
Story/T_2_2_5_003,我要是再大一点，和娘亲更像的话，希望有人能帮我画下来。\n那样我就可以看着画像，思念娘亲了。
Story/D_2_2_5_030,{size=24}老爷，大公子和二公子在陪尹道长说话，一时半刻来不了。{/size}
Story/D_2_2_5_031,不好意思，贤侄，贤侄女，\n我那两个不肖儿子在聆听全真派尹道长教诲，\n待会儿，我再让他们过去向你们敬酒。
Story/D_2_2_5_032,无妨，尹道长说法，甚是难得，二位公子千万别错过机缘了。\n反正咱们是好朋友，将来聊天说话的机会还怕少了吗？
Story/D_2_2_5_033,好，来来来，你们都先入座，准备开席吃饭。\n世伯先忙会儿，暂且不招呼你们了。
Story/D_2_2_5_034,那便恭敬不如从命了。
Story/D_2_2_5_035,我们师兄弟几人奉师命筹备了贺礼，\n还望南宫世伯莫嫌礼物单薄，能够笑纳。
Story/D_2_2_5_036,南宫大侠，仅代表敝派掌门，敬献耕阳字画一幅。
Story/D_2_2_5_037,什么！这可真是一件宝贝！\n耕阳读书斋的墨宝，千金难换，让我见识见识──
Story/N_2_2_5_001,南宫远迫不及待摊开字画，端的是赞不绝口，好生鉴赏了一番，\n这才恋恋不舍将字画收起，交下人收管。
Story/D_2_2_5_038,这想必是唐三侠这等儒侠风范，才有幸与耕阳读书斋的雅士结交。\n南宫某人沾了你的光，必将此字画寻觅好地方挂上，日日鉴赏。
Story/D_2_2_5_039,南宫大侠谬赞了，我也是心慕读书斋，不得其门而入的俗人而已。
Story/D_2_2_5_040,唐三侠过谦，这便请上座吧。
Story/D_2_2_5_041,好，好。
Story/N_2_2_5_002,南宫家主当着宾客的面，对唐门贺礼大加赞赏，引来无数目光。\n都说唐门虽不如从前那般势大，结交的朋友却均非寻常人物，殊不可侮。
Story/D_2_2_5_042,下一位应帖来者……孤云山派少掌门瑞笙到──
Story/D_2_2_5_043,南宫世伯，仅代表敝派掌门，敬献灵丹一枚。
Story/D_2_2_5_044,哦，贤侄，素闻你医毒双绝，此丹出自你手，必非凡品。\n还请教此灵丹妙药，有什么响亮名字没有？
Story/D_2_2_5_045,……此丹名叫万寿回春丹。
Story/T_2_2_5_004,好在二师兄不像大师兄那么莽撞，若是坦白说出这丹的名字，\n南宫家主一定脸色发青，到时少不得一番唇舌，又受人猜忌。
Story/T_2_2_5_005,好在二师兄不像大师兄那么莽撞，若是坦白说出这丹的名字，\n南宫家主一定脸色发青，到时少不得一番唇舌，又受人猜忌。
Story/D_2_2_5_046,好，好名字，很是吉祥，太上家主新得了青城派的还虚丹，\n又得你这枚万寿回春丹，想必能够延年益寿，松鹤遐龄。
Story/D_2_2_5_047,恕小侄直言，此丹万不可与还虚丹并服。\n还虚丹是仙丹无疑，但旨在与道家内功相合，助修练者炼神还虚，\n回归大道至简的纯朴妙境，减缓寿元消耗。
Story/D_2_2_5_048,而万寿回春丹则恰恰相反，此丹并非仙药，而是人丹。\n可助人返老回生，鲜活衰竭经脉，推动心血流速，兼润骨、血、肉，\n服之能生气蓬勃，却与还虚丹效用相冲，贸然使用，会相互抵销。
Story/D_2_2_5_049,原来如此，还好贤侄提醒，差点要暴殄天物了。\n我自会叮嘱下人，服侍太上家主分次服丹。\n请唐门诸位贤侄先行入座吧。
Story/D_2_2_5_050,多谢世伯赐坐。
Story/N_2_2_5_003,二师兄此话亦给青城派掌门邹博默默听了去。\n他浅啜杯中黄汤，对二师兄的话不置可否，却深以为然，\n对唐门药理钻研之深，印象深刻。
Story/D_2_2_5_051,下一位应帖来者……孤云山派少掌门瑞笙到──
Story/D_2_2_5_052,南宫世伯，送你一件宝贝兵器吧。
Story/D_2_2_5_053,兵器……吗？这个……我已有了趁手的兵器。\n何况今日是寿宴，亮兵器不祥，贤侄好意，我代太上家主心领便是。
Story/N_2_2_5_004,此话一出，宾客纷纷暗笑，说唐门弟子好不知人情世故，\n拍马屁拍到马腿上，活该人丁凋零。
Story/D_2_2_5_054,诸位贤侄无须介怀，都请入坐吧。
Story/D_2_2_5_055,且慢，这件兵器非常厉害，\n是我和二师弟、赵师弟三人呕心沥血的杰作。\n南宫世伯不看一看，一定会后悔的。
Story/D_2_2_5_056,这……贤侄，快别胡闹了。\n还有许多宾客在这，莫让人看了笑话。
Story/D_2_2_5_057,若小侄此刻打退堂鼓，那才真是让人看笑话。\n请南宫世伯务必成全晚辈的一番心意。
Story/D_2_2_5_058,南宫世伯，小侄也想请你过目。\n此物于南宫世家意义非凡。
Story/D_2_2_5_059,连唐二贤侄也这么说……好吧，那就依你们。\n说到这步田地上，若是那件兵器不趁手，世伯可不能轻饶啊，哈哈。
Story/N_2_2_5_005,话说得委婉，南宫远笑声里却殊无笑意。\n诸多宾客都在等着看唐门闹笑话，一齐注视过来。
Story/D_2_2_5_060,仅代敝派掌门敬献寿礼──王八刀一把！
Story/N_2_2_5_006,大师兄此言一出，顿时宴席上轰笑声一片，此起彼落，连绵不绝。\n他们期待唐门闹笑话，但没意料到竟会这么好笑。
Story/N_2_2_5_007,在武林泰斗南宫世家的太上家主寿宴上献兵器，\n献的还是名叫王八刀的兵器，那岂不是公开和南宫世家撕破脸吗？
Story/D_2_2_5_061,……贤侄，这个玩笑，开得未免太过了吧？\n此事，真是唐中翎唐大侠命你来办的？你可知这是什么意思？
Story/N_2_2_5_008,就在南宫远忍无可忍，即将发作之际，宾客中已有人瞧出了不对劲处。
Story/D_2_2_5_062,咦──等等，大家稍安勿躁，我见过这刀……。
Story/D_2_2_5_063,经你这么一说，这刀好似在哪里见过……这……这！
Story/D_2_2_5_064,"{punch=0.2,1}{size=40}这不是夔州大侠谭霸刀的破山斩吗！！{/size}{/punch}"
Story/N_2_2_5_009,顿时又一阵躁动，只是再也没有讥嘲之意。\n多了惊讶、恐慌、敬畏、佩服、猜忌。
Story/D_2_2_5_065,果真是破山斩！\n此刀怎么会在你们手上？
Story/D_2_2_5_066,嘿嘿，世伯，让点空间，借过一下。
Story/D_2_2_5_067,师弟，快来，相声的机会来了！
Story/D_2_2_5_068,好咧，来了！
Story/D_2_2_5_069,什么？我不要啦──！你自己演啦！
Story/D_2_2_5_070,拜托啦，拜托啦，难得干了这件大事，\n你到这时才畏首畏尾吗？\n除非你此刻告诉我，你要退隐江湖！
Story/D_2_2_5_071,简直强人所难！
Story/N_2_2_5_010,眼看你二人拉拉扯扯，扭扭捏捏，越来越不像样，\n群众尽皆嗤笑起来，那笑声令你面红耳赤，\n不像是笑你们，而是笑你，就像你一生所受的那般。
Story/D_2_2_5_072,哼。
Story/D_2_2_5_073,──师弟，你当真不愿意吗？\n惩恶扬善，这应该是你所向往的侠义之事啊。
Story/O_2_2_5_001,好啦好啦
Story/D_2_2_5_074,真拿你没办法，只有这一次喔！
Story/D_2_2_5_075,这才是我的好兄弟呢！走！
Story/O_2_2_5_002,我就是不要，我退隐江湖
Story/O_2_2_5_003,解锁条件：［修养］为［暴躁］以下
Story/D_2_2_5_076,要丢人现眼你自己去啦，我已经受够了！\n老是拉着我做这个做那个，你有没有考虑过我的感受啊！\n不要以为我真蠢，你们谁都在取笑我！
Story/D_2_2_5_077,退隐江湖就退隐江湖，我早就想走了！\n我根本没进江湖过好吗！你们唐门根本没教过我武功！
Story/D_2_2_5_078,师弟──
Story/D_2_2_5_079,借过！
Story/D_2_2_5_080,师兄不要生气……拍拍……。
Story/D_2_2_5_081,像我这种低三下四的丑八怪，配不上唐门千金的关心！\n省省吧！用不着你可怜我这种下人！
Story/D_2_2_5_082,我……我没有……。
Story/N_2_2_5_011,你愤而离开南宫世家以后，不久便心生悔意。\n号啕大哭了一场，缓缓离开热闹的江陵府。
Story/N_2_2_5_012,你真不愿为侠义、为师门喉舌吗？只怕也未必。\n也许是多年不公的待遇使你羞愤过激；\n也许是你内心深处坚持不愿哗众取宠的骨气；
Story/N_2_2_5_013,也许你只是厌恶再被人单方面要求罢了。
Story/N_2_2_5_014,事到如今，一切都不重要了，你远离了你熟知的人们，\n只想走得越远越好，走到没有江湖的地方，\n走到没有人能取笑、议论你的地方。
Story/N_2_2_5_015,你一路走，谁也不看，谁也不理，直到再也走不动为止。\n万籁俱寂。
Story/D_2_2_5_083,啊……终于安静了。\n再也没有人会嘲笑我了。
Story/D_2_2_5_1_001,师弟你告诉大家，这是什么刀？是破山斩吗？
Story/D_2_2_5_1_002,这哪里是什么破山斩了，分明是王八刀！
Story/D_2_2_5_1_003,这明明是夔州大侠谭霸刀的爱刀，你怎么叫它王八刀？
Story/D_2_2_5_1_004,王八蛋配的刀，那不是王八刀吗？
Story/D_2_2_5_1_005,岂有此理，休得胡言！\n谭大侠是成名大侠，你岂敢叫他王八蛋？\n唐某身为唐门次代首席，须容不得你在此大放厥词！我打～
Story/D_2_2_5_1_006,你～你敢还手～好大的胆子～！
Story/D_2_2_5_1_007,天下英雄在此，我骂得不对，你才可以打我！\n否则你便是忠奸不分、糊里胡涂的娘娘腔、狗杂种、臭卵蛋！去死啦！
Story/D_2_2_5_1_008,师弟，你说得还真过分。
Story/D_2_2_5_1_009,大师兄，你不要出戏呀。
Story/D_2_2_5_1_010,哈哈哈哈哈，好！
Story/D_2_2_5_1_011,你倒是说说，你怎样说得有理了？
Story/D_2_2_5_1_012,十多年前，此人率众在江陵府官道上劫掠朝廷粮队！\n害得边疆抗金将士无粮可用，死伤惨重！\n更反手诬陷昔日南宫世家大侠南宫禹！害得一代英魂死不瞑目！
Story/D_2_2_5_1_013,哦～那你是说，那大侠南宫禹真是个大侠啰？\n世人怎么说他在官道上设埋伏，难道天下豪杰都眼瞎吗！
Story/D_2_2_5_1_014,我怎敢笑话天下英雄，我只是说，谁信谁眼瞎！\n在座诸位，你们眼睛雪亮的，没一人是瞎子，对吧！
Story/N_2_2_5_1_001,只听得现场鸦雀无声，你和大师兄仍旧故我，闹得几欢。
Story/D_2_2_5_1_015,天下豪杰当然不是眼瞎，是受奸人所蒙骗。\n那日运粮官牛大人，丧生歹人刀下，留得一子，诸位可知那却是谁来？
Story/D_2_2_5_1_016,哦？有这种事？那是谁？你倒是快说呀！
Story/D_2_2_5_1_017,正是那黔州绿林好汉，齐天寨主牛魔王，牛长寿！\n奸人害了他爹，抢了牛长寿小时佩的长命锁给自己儿子戴，大家说，无不无耻？
Story/D_2_2_5_1_018,那真是无耻得很啊！
Story/N_2_2_5_1_002,虽不明究里，但在你与大师兄连手鼓动气氛之下，已有好事之徒蠢蠢欲动起来。
Story/D_2_2_5_1_019,这位大侠说的再对也没有了！
Story/D_2_2_5_1_020,且慢，嘿──
Story/D_2_2_5_1_021,那牛长寿是占山为王的黑道好汉，\n那谭霸刀是赶走盐帮为民除害的大侠！你说谁信牛长寿的话语？
Story/D_2_2_5_1_022,都是江湖上走闯的，谁没沾过一点膻腥？\n那牛长寿得南阳杏花林仙人指点，痛改前非，\n好端端山大王不做，自己到夔州投案伏法。
Story/D_2_2_5_1_023,大家说这算不算敢做敢当？算不算是个顶天立地的好汉？
Story/D_2_2_5_1_024,算！自然算！
Story/D_2_2_5_1_025,那是他作贼心虚！畏罪自杀！
Story/D_2_2_5_1_026,各位看倌，可不死而甘愿领死，连死都不怕的英雄气概，\n这叫做什么？这叫做舍身取义！牛长寿如此，大侠南宫禹更是如此！
Story/D_2_2_5_1_027,说得对！说得再对也没有！
Story/D_2_2_5_1_028,证据～你证据呢～！没有证据，我只当你是放屁！
Story/D_2_2_5_1_029,牛长寿慷慨就义，这是江湖快报有明载的事情！\n你敢不信耕阳读书斋的大儒？你敢不信杏花林中的神仙？
Story/D_2_2_5_1_030,不信！不信！都是道听涂说，我全都不信！\n我打～你个信口开河的小畜牲啊～
Story/D_2_2_5_1_031,你偏不信，是吧？\n那我们请来王八蛋本人现身说法，你总该信了吧！
Story/D_2_2_5_1_032,此话当真？你当真请来了王八蛋本人？\n那王八蛋架子大的很，很不容易请啊！
Story/D_2_2_5_1_033,是真正的英雄豪杰，当然硬骨头，轻易屈驾不得。\n是装腔作势的狗熊，起初会吠几声，不肯就范，\n这时候只消打上个七八百拳马上就原形毕露了！
Story/D_2_2_5_1_034,有请～夔州大侠谭霸刀！
Story/N_2_2_5_1_003,大师兄暗器往梁上一掷，被装入麻袋的谭霸刀即刻掉了下来，重重落地。
Story/D_2_2_5_1_035,王八蛋，快说话啊你，装聋作哑干什么！
Story/D_2_2_5_1_036,等一下啦，师弟，我们点了他哑穴，他不是故意的啦。
Story/D_2_2_5_1_037,哦。
Story/D_2_2_5_1_038,他们冤枉我！我是清白的！他们使毒、使诡计算计我！
Story/D_2_2_5_1_039,你可得想清楚，你坦白的话是落在素以仁厚为名的南宫世家手里；\n你若死到临头还不知悔改，那你就会落到我丧心病狂的二师兄手里。
Story/T_2_2_5_1_001,赵活，回去有你好受。
Story/D_2_2_5_1_040,战你娘亲，不到黄河心不死是吧？没看到老子手里明晃晃的刀子？\n你事到如今还当我是好相与的？要不再朝你屁股上来几刀子，戳个稀巴烂？
Story/D_2_2_5_1_041,我……我认了。是我做的。
Story/D_2_2_5_1_042,大声一点！讲清楚一点！细节呢！\n别说我们屈打成招，你不是最霸道的霸刀吗？
Story/D_2_2_5_1_043,十多年前官道上，是我率十二寨绿林兄弟伏击的粮队！\n军粮归十二寨好过冬，官银全归了我！
Story/D_2_2_5_1_044,妈巴羔子，官银你也敢用！
Story/D_2_2_5_1_045,我没用啊！我卖给西夏金刀拓跋豹，\n他将官银送往西夏，铸造成兵器，这把破山斩，便是他带回给我的回礼。
Story/D_2_2_5_1_046,这么说，你还是个汉奸！
Story/D_2_2_5_1_047,我不是！我本来就是西夏人，各为其主罢了！\n你们中原侠客不会杀我这样手无寸铁的外国人吧！\n当心西夏皇帝一怒起兵，到时金夏两朝合围，看你大宋还有没有活路！
Story/D_2_2_5_1_048,你这厮真是搞不清楚状况耶，讲没两句话马上又嚣张起来。\n你忘了自己为了封口，一刀将拓跋豹给斩成两半，向江湖人邀名吗！\n你杀了西夏人杰，西夏皇帝恨不得你死才是！
Story/D_2_2_5_1_049,啊……。
Story/D_2_2_5_1_050,你又是怎样设计诬陷南宫禹的，快说啊！
Story/D_2_2_5_1_051,这我真的没有，我压根不知道南宫禹在前方道上设宴。\n你们看，我像是个能设局害人的人物吗？我自管劫的官粮，\n南宫禹的恶名，却是天下人众口纷纭给硬冠上的，与我无关！
Story/D_2_2_5_1_052,南宫大哥，南宫大爷，你相信我！\n我真没刻意构陷你家南宫禹大侠！
Story/T_2_2_5_1_002,……阿禹，你在天之灵可以瞑目了。\n今日有这些个后生为你洗刷冤屈！
Story/D_2_2_5_1_053,诸位大侠都听见了！南宫禹是在官道上设宴！\n为运粮官爷们接风洗尘、慰劳守卫家国的将士！
Story/D_2_2_5_1_054,这样的人，算不算得上是大英雄、大豪杰？
Story/D_2_2_5_1_055,"{punch=0.2,1}{size=40}算！算！算！！{/size}{/punch}"
Story/N_2_2_5_1_004,轰声雷动，响彻江陵府。
Story/D_2_2_5_1_056,唐门唐布衣，
Story/D_2_2_5_1_057,唐门赵活，
Story/N_2_2_5_1_005,下台一鞠躬。
Story/N_2_2_5_1_006,那一日，你和大师兄演的一出好相声，成为千古绝唱。\n后人为你们编了戏曲，名叫《奇侠破奇冤》，传颂到永久。
Story/N_2_2_5_2_001,你一鸣惊人，在那之后，与其他同行的师兄被奉为上宾。\n由二位公子作陪，大鱼大肉招待。
Story/D_2_2_5_2_001,从没见过这么多菜肴在一个桌上。
Story/D_2_2_5_2_002,小师妹，快吃，南宫世家管饱！
Story/D_2_2_5_2_003,管饱！
Story/D_2_2_5_2_004,从没见过这么多菜肴在一个桌上。
Story/D_2_2_5_2_005,哈哈，兄弟慢慢吃，不够还有。\n你今日为我阿叔平反，是我南宫世家的大恩人。\n阿浅，我们兄弟俩敬唐门诸位大侠一杯。
Story/D_2_2_5_2_006,小弟敬……敬各位唐门的师兄。
Story/N_2_2_5_2_002,二位公子敬罢，便与大师兄等人说起交际话，对你虽然客气，却也没多作理会。
Story/O_2_2_5_2_Break_01_001,太上家主要说话了
Story/O_2_2_5_2_Break_01_002,二位公子的气质落差真大
Story/D_2_2_5_2_Break_01_001,{size=24}四师兄，四师兄。{/size}
Story/D_2_2_5_2_Break_01_002,怎么了？你说话大声点，放心，这么吵别人听不见的。
Story/D_2_2_5_2_Break_01_003,怎么南宫家大公子和二公子，气质相差这么大啊？\n简直不像亲生兄弟似的。
Story/D_2_2_5_2_Break_01_004,那大公子是嫡母所生，将来要继承家业，南宫老爷对他加意栽培。\n那二公子就比较不幸了，出身不好，也是可怜。
Story/D_2_2_5_2_Break_01_005,我看他除了没有肩甲之外，穿得也算得体整洁，不像很可怜啊。
Story/D_2_2_5_2_Break_01_006,你错了，他几乎有你四分之一可怜。
Story/D_2_2_5_2_Break_01_007,这么可怜啊，那他怎么还没重新投胎？
Story/D_2_2_5_2_Break_01_008,你都还活着，人家干嘛要死？
Story/D_2_2_5_2_Break_01_009,我哪里得罪你了？你要这样无端刺激我。
Story/D_2_2_5_2_Break_01_010,你向我搭话，妨碍我吃白食，这便得罪了我。
Story/D_2_2_5_2_Break_01_011,原来如此。
Story/D_2_2_5_2_Break_01_012,那二公子是庶出，而且听说来路不正。\n乃是长到五、六岁，才由他娘亲带进家门，硬说是南宫老爷的种。\n他认祖归宗后，要不了多久他娘亲便过世了。
Story/D_2_2_5_2_Break_01_013,可想而知，他这样的身世，在南宫世家该如何不受人待见了。\n肩甲不给他穿，南宫老爷亦不护着他，饭菜都吃冷的。\n家传的武功，还是家中老奴教的，这才养成了唯唯诺诺看人脸色的样子。
Story/D_2_2_5_2_Break_01_014,以上都是我道听涂说的，你听听就好。
Story/D_2_2_5_2_Break_01_015,原来如此，确实挺可怜的。\n那又不是他自愿来的。
Story/N_2_2_5_2_Break_01_001,你得知了南宫浅的凄惨身世，不禁泛起恻隐之心。\n念及自己的处境，也觉得不胜唏嘘，眼前的酒菜也不那么香了。
Story/D_2_2_5_2_Break_01_016,就这样？\n不给他肩甲就变成这德行，那他来唐门一定三天被你们弄到跳崖。\n南宫世家好歹有给他冷饭吃，有派人教他武功。
Story/D_2_2_5_2_Break_01_017,四师兄，你别吃了，你看着我回答啊。\n是谁经常明知故犯，说一句『这个没人要那我吃啰』，\n就把我的饭菜吃掉，害我忙完却发现饭桶空空如也？
Story/D_2_2_5_2_Break_01_018,走、走开啦，啊我有问啊，就没人要啊。
Story/D_2_2_5_2_Break_01_019,师兄，这个给你。有肉，好吃。
Story/N_2_2_5_2_Break_01_002,说着小师妹便将她面前的肉菜推给你。
Story/D_2_2_5_2_Break_01_020,小师妹……。
Story/D_2_2_5_2_Break_01_021,我说真的，要是没有小师妹，唐门我一日也待不下去了啊！
Story/D_2_2_5_2_Break_01_022,知道了，知道了啦，小师妹，管好你师兄啦。
Story/D_2_2_5_2_Break_01_023,拍拍，拍拍。
Story/O_2_2_5_2_Break_01_003,好吃(嚼嚼)
Story/D_2_2_5_2_Break_01_024,这菜是怎么烧的呀，这么香，回味无穷。
Story/D_2_2_5_2_Break_01_025,就是就是，存心让人养胖。
Story/D_2_2_5_2_Break_01_026,这个蒸豆腐，里边竟然镶了肉末；这个烤肉丸子，还包了酱。
Story/D_2_2_5_2_Break_01_027,那个肉丸子甜甜的，很好吃。
Story/D_2_2_5_2_Break_01_028,那我记住味道，回家试试看能否还原。
Story/D_2_2_5_2_Break_01_029,好。
Story/N_2_2_5_2_Break_01_003,你吃得惊奇，大开眼界，暗中分析各色菜式，铭记于心。\n且看回到唐门以后能否还原，令师兄弟姊妹都刮目相看。
Story/D_2_2_5_3_001,家主有命，奉唐门各位大侠为上宾，请坐这席。
Story/D_2_2_5_3_002,……那我呢？我不是大侠。
Story/D_2_2_5_3_003,唐小娘子说笑了，也请唐小娘子坐这一桌。
Story/D_2_2_5_3_004,似乎少张凳子啊。
Story/D_2_2_5_3_005,这位兄弟，你的位子在别处，请随我来。
Story/D_2_2_5_3_006,哈？为啥？
Story/N_2_2_5_3_001,你看着一桌子不认识的生面孔，有些尴尬。
Story/D_2_2_5_3_007,等等，等等，唐门那桌分明还有位子，你搬张凳子给我不就成了？
Story/D_2_2_5_3_008,这个……不行啊，主母安排席位的时候，便是这样规划的，\n乱了套，到时我会被骂的。
Story/D_2_2_5_3_009,老兄，同样是下人，别让我难做啊。\n倒不如说你做下人的，可以和各派大侠同桌吃饭已经是万幸了，\n我就没你这般好福气。
Story/D_2_2_5_3_010,谁跟你说我是下人的？你等等──
Story/D_2_2_5_3_011,……。
Story/D_2_2_5_3_012,算了，到哪里吃饭不都一样？有得吃就好。
Story/D_2_2_5_3_013,算了，我还真就像个下人。他有难为处，也非不能体谅。
Story/T_2_2_5_3_001,这么多不同门派的人挤在同一桌，\n似乎在争论甚么话题，真亏他们没有打起来。
Story/N_2_2_5_3_002,眼见无人搭理你，你要自己寻个空位坐下。\n忽然一人冲了过来，将你推开。
Story/D_2_2_5_3_014,阿弥陀佛。这个座位小僧要定了。\n施主你还是去外边下席，跟丐帮弟子一起吃饭吧。
Story/D_2_2_5_3_015,为什么？这是人家帮我带的位呀。
Story/D_2_2_5_3_016,没关系，你不说，我不说，谁知道我们换了位呢？
Story/D_2_2_5_3_017,可是──
Story/D_2_2_5_3_018,你这和尚，意思是要硬抢？
Story/D_2_2_5_3_019,小僧这是向你化缘，化的便是这个座位。\n你若肯施舍，那是施主的功德。\n你若不服，便算小僧抢你的，和小僧出去分个胜负便是。
Story/D_2_2_5_3_020,哪有你这么霸道的和尚！
Story/D_2_2_5_3_021,好不容易有机会下山来，到南宫家宴来又被派到下席冷遇，\n排队领粥领饼排了半天，却被一只鸟半空劫走了！\n这到底什么鸟日子，小僧已经怒不可遏了！
Story/D_2_2_5_3_022,你废话少说，一句话让不让座！
Story/O_2_2_5_3_001,想得美！(决斗)
Story/D_2_2_5_3_023,想得美！别以为你秃了我就会让你！
Story/D_2_2_5_3_024,我刚才有说，我是自己剃的，我不是秃！
Story/O_2_2_5_3_002,好吧。
Story/D_2_2_5_3_025,和尚老哥，你今日也算是够倒霉了。\n我也未尝不能体会你的感受。\n像这种狗屎日子，总盼有人施以援手，主持公道。
Story/D_2_2_5_3_026,今日我便作那施以援手的人吧，和尚老兄，你请坐这吧。
Story/D_2_2_5_3_027,你……呜……我是和尚，这桌是荤菜啊。
Story/D_2_2_5_3_028,啊。
Story/D_2_2_5_3_029,不过你的援手，小僧心领了。\n施主，你宅心仁厚，日后必有好报。\n这本嵩山寺的拳经赠你，算作酬谢你的好心。
Story/D_2_2_5_3_030,你这样随便把贵派的拳经赠我，妥当吗？
Story/D_2_2_5_3_031,有什么不妥的，反正嵩山武功流落得满江湖都是。\n小僧不送有缘人，有缘人也会在路边摊买到。
Story/N_2_2_5_3_003,你能为人撑伞，是因为你也知晓自己的雨天。\n一句良言，便化敌为友，得了善缘。
Story/N_2_2_5_3_1_001,你抢输了原该属于你的席位，但你在街上遭和尚毒打的消息传了出去。\n南宫族人、其他嵩山派弟子前来了解情况，均对你感到十分抱歉。\n将那抢你席位的嵩山派和尚给带出去了。
Story/N_2_2_5_3_1_002,换言之，你的座位仍是你的座位，但你白白挨了人一顿打。
Story/N_2_2_5_3_1_003,你抢赢了原该属于你的席位，但你当街殴打出家人的丑闻流传了出去。
Story/O_2_2_5_4_001,似乎在讨论兵器
Story/D_2_2_5_4_001,够了，够了，越说越不成体统了。
Story/D_2_2_5_4_002,就是，方才是谁先提什么仙剑魔剑的？\n那种虚幻飘渺的神器，谁又真的见过了？\n这简直比道听涂说还扯淡，根本……根本无中生有！
Story/D_2_2_5_4_003,天下有多大，你又怎知道没有了？\n亏青城也是修道，道藏《真龙虎九仙经》便有提及──\n『灵侠地仙，镇居山岳，及炼就剑匕，万里闻有不平之事，飞剑立至。
Story/D_2_2_5_4_004,我是读过此经，但无缘得见灵侠的仙范，\n虽不敢说前人杜撰，但我业师只教师兄弟们当故事看而已。\n青城派修道，讲一个清修无为，以虚无为体，以简要为用，以平实为功。
Story/D_2_2_5_4_005,那你师父可就误人子弟了，修仙境界都是与剑缔命，\n到后来凡铁有灵性，千锤百炼就变成仙剑了。
Story/D_2_2_5_4_006,就叫你不要讲了，又不是谁都信道教的。\n一直讲一直讲，我已经忍你很久了，你倒是御剑飞给我看啊。\n你不是崆峒派飞天门的高徒吗？
Story/D_2_2_5_4_007,我只是说有，又不是说我会。\n你以为叫作飞天门人就会飞吗？那你点苍什么意思？点痔疮吗？
Story/D_2_2_5_4_008,你敢污辱我师门！
Story/D_2_2_5_4_009,好了，点要为止吧，不要真伤了和气。\n刚才的讲过就算了，我们只论人间的利器，不讲那些没见过的事物。
Story/D_2_2_5_4_010,就是说啊，赶紧说回正题吧。\n那么传说上古欧冶子所铸的湛卢、巨阙、鱼肠等剑该算吗？\n这就算是人间的利器了吧？
Story/D_2_2_5_4_011,先不算，毕竟谁也没见过不是吗？\n只能说在座亲眼见过的兵器，最不容易有争执。
Story/D_2_2_5_4_012,好啊，小弟才疏学浅，天下神兵之中，\n只知有南宫家主手中的玄铁阴阳棋，不单棋盘刀枪不入，\n而且黑子、白子各有极性，运巧劲掷出，两子互相牵引，变化莫测。
Story/D_2_2_5_4_013,说得对，玄铁阴阳棋，算得上是当世奇兵。\n相传那是唐门前辈采天外玄铁所铸，巧夺天工，只怕是空前绝后了。\n唐门不单冶造暗器，其他机关巧物也是得心应手。
Story/T_2_2_5_4_001,啊～很好，多说一点。
Story/N_2_2_5_4_001,听到外人称赞唐门，你与有荣焉，顿时骄傲起来了。
Story/D_2_2_5_4_014,哼，那唐门还不是我点苍派的手下败将。\n尽会把弄些花巧功夫，没真才实学。\n论武功不及我点苍；论锻冶之术，也未必胜得过火炎山剑阁。
Story/T_2_2_5_4_002,要你这点痔疮的来多嘴！点苍派的都去死！
Story/N_2_2_5_4_002,你肚里暗骂不休，将点苍派上下糟蹋了一个遍。
Story/N_2_2_5_4_003,除了叶云舟兄妹与你有交情除外，无一人的祖宗十八代没遭你问候。
Story/T_2_2_5_4_003,……唐门是南宫世家的上宾，这位点苍老哥若在别处说也算了。\n这时却在南宫家的寿宴上大放厥词轻侮唐门，岂非不给南宫家面子？
Story/N_2_2_5_4_004,你慢条斯理，不以为意，再看旁边众人脸色均不好看，频频四顾，\n唯恐南宫族人碰巧听见此话，将他们与这莽夫看为同伙。
Story/D_2_2_5_4_015,论兵器，我派掌门观云客、剑尊听海生所持的黑白双剑，\n那才堪称天下神兵。
Story/D_2_2_5_4_016,哎，可是听说你那黑白双剑也是唐──
Story/D_2_2_5_4_017,{size=24}仁兄不要，你一讲，他就要发脾气了。{/size}\n{size=24}我们这桌有这两个活宝，别再添油以免他们又吵起来。{/size}
Story/D_2_2_5_4_018,话说我崆峒山半雨屏洞顶，就插着一柄仙剑，\n只是若非修仙得道，达于大乘期的强者，无法拔出──
Story/D_2_2_5_4_019,我不要讲了啦，这家伙根本就不打算罢休！\n又大乘期了，又修仙了！有够烦的！
Story/D_2_2_5_4_020,才刚说完，立马就吵起来，怪我乌鸦嘴！
Story/D_2_2_5_4_021,老兄，不要一杆子打翻一船人啊。\n真正的修道人不会这样招摇，多是隐居深山淡泊名利的。
Story/D_2_2_5_4_022,啊哈，那是你青城派天师剑已经失传了，才只能淡泊名利吧！\n我若是将来修成剑仙，妈的，那当然是搞个天下第一的头衔当当。\n我还要娶十个美貌小娘子回家，每天都有不同风味可尝，嘻嘻！
Story/D_2_2_5_4_023,我说真的，真正的修道人不是像他这样的。\n基本上有那种俗世名利之欲，就不是反璞归真，那就一定修不成了啊。
Story/D_2_2_5_4_024,放屁，修行有八万四千法门。\n怎么又没见你这青城孬种去对全真派指指点点？
Story/D_2_2_5_4_025,这……。
Story/D_2_2_5_4_026,我飞天门就是可以一边争名逐利一边修仙，快意恩仇！我飞天门就是爽！\n要不然来打赌，我们各修十年出来输赢，看谁才是真的修仙。
Story/D_2_2_5_4_027,不，都说了我辈修道之人看破俗世，不会和你相争的。
Story/D_2_2_5_4_028,那你就是假修仙！没种！我呸！\n那我就御飞剑去点苍看看，顺道割了这位点苍老兄的裤腰带，\n看看他痔疮点得怎样了。
Story/D_2_2_5_4_029,很好，你跟我到院子去。
Story/D_2_2_5_4_030,我都说了是十年以后。
Story/D_2_2_5_4_031,谁跟你十年以后，不是想登仙吗？\n他奶奶的，今日我就送你上西天。
Story/D_2_2_5_4_032,不要啦，大哥我跟你说笑呢，怎么就当真了！
Story/T_2_2_5_4_004,这就是一味逞口舌之快的下场，我可得引以为鉴。
Story/N_2_2_5_4_005,你心下惕然，此后说话不免多了几分惮忌。
Story/O_2_2_5_4_002,似乎在议论当世俊杰
Story/D_2_2_5_4_033,说到当世的青年才俊，大家以为都有哪些？
Story/D_2_2_5_4_034,说来汗颜，我青城派这一代，都没什么值得一提的人才。\n我这样的资质，在本派就已算排得上号了，与本门师长落差得未免太远。
Story/D_2_2_5_4_035,仁兄何须妄自菲薄，你我都还年轻。\n谁人不知道，你青城派的功夫，是不能速成的札实苦功。\n有朝顿悟，那还不是一夕打通奇经八脉，变成高手？
Story/D_2_2_5_4_036,多谢老弟宽慰，先不说我了。\n我自认功夫不到家，很少下山走动，寡陋的很。\n就你们所知，当世有哪些年轻侠士值得一提？说来也好让我增长见闻。
Story/D_2_2_5_4_037,嗯……虽然不想这么说，不过咱崆峒派处境，也好不到哪里去。\n可叹我天资愚钝，我师父火龙真人以一身仙法授我，我却半点也悟不通。
Story/D_2_2_5_4_038,唯有我那投身军旅的大师兄丹霞子根骨绝佳，听说竟修到了元婴期。\n只可惜我无缘得见，想来明年崆峒掌派人大选，便能见到他本领了。
Story/D_2_2_5_4_039,哦～你一说丹霞子，确实是个人物。\n他在宋兵之间好有人望，人称道法将军，身傍法术，百战不殆。\n还能开坛施法祈雨，杀得金人拐子马东倒西歪。
Story/D_2_2_5_4_040,我也听说过，天佑我大宋，先有岳王爷，后降道法将军护我大宋！
Story/D_2_2_5_4_041,聊了这么久，你点苍老兄才终于说了句中听的话，\n来来来，我敬你一杯。
Story/D_2_2_5_4_042,说那甚么屁话，来干了。
Story/N_2_2_5_4_006,二人将杯中酒水一饮而尽，称兄道弟起来。
Story/D_2_2_5_4_043,唉，只叹我点苍派不幸，本来有个不世出的奇才，\n只说剑术天赋，足可夸称自祖师爷以后点苍第一。\n只可惜他心术不正，竟背弃师门，夺宝出逃，至今下落不明。
Story/T_2_2_5_4_005,他说的可是叶兄弟吗？此刻他兄妹正在唐门呢。\n却不知道他抢的是什么宝贝？
Story/T_2_2_5_4_006,那个叶云舟确实剑法通神，剑芒一闪，腾腾就好几个人倒地不起。\n幸好我见机行事，侥幸躲过一劫。
Story/N_2_2_5_4_007,思及当时惊险情状，你不由得犹有余悸。
Story/T_2_2_5_4_007,我还是多烧香祷告，不要碰到那种狠角色比较好。
Story/D_2_2_5_4_044,你说的那人，可是『苍松剑客』叶云舟吗？\n他年初带着妹妹来过青城派喔！只是你们当时通缉令未发，\n否则念武林同道之谊，怎样也会替点苍留下了他兄妹俩。
Story/D_2_2_5_4_045,当真？他去青城派作甚？
Story/D_2_2_5_4_046,是来求取还虚丹的。\n但那还虚丹何其珍贵，炼一枚都要好几年光阴，其中名贵材料无数，\n更要派中高手运内功护持，焉能轻易与他？
Story/D_2_2_5_4_047,最后还是我派长老的关门弟子申屠龙师叔出面，\n将那叶云舟打发了去，否则只怕当时，他就会出手强抢。
Story/D_2_2_5_4_048,说来你们青城那位申屠龙，难道不算奇人吗？怎么还自谦说青城无人？\n听说他面如冠玉，仙风道骨，不单武功高深莫测，还懂神通法术。
Story/D_2_2_5_4_049,有人说到神通法术？那就不得不提我崆峒飞天门的──
Story/D_2_2_5_4_050,我师叔论辈份，又不是与我同辈的，我方才说我这代无人，不算说错呀。\n师叔所居道观，香火鼎盛虽是青城幸事，\n但其中多半是女香客，弄得青城像观光景点似的，还真是离谱。
Story/D_2_2_5_4_051,却不知那位申屠龙，与那风流飞侠唐布衣、我派风神解无尘相较如何？
Story/D_2_2_5_4_052,你这比喻，委实有点不妥吧。\n那唐布衣游戏人间，处处留情，不知有多少小娘子清名毁在他手里。\n这样的浪荡子，岂能与我小师叔申屠龙相提并论？
Story/D_2_2_5_4_053,至于那解无尘……唉，可怜。\n他谁不好招惹，撞上了魔教的法王刘颚，此事流传得天下人皆知，\n怎么老兄，你是峨嵋中人，竟不曾听闻吗？
Story/D_2_2_5_4_054,不曾，我那解师兄自艺成下山以来，绝少踏足峨嵋山，\n顶多就是每天托人送些东西回来，他……他莫非被那刘颚害了吗？
Story/D_2_2_5_4_055,不，比杀害更惨。\n你那解师兄是以贵派绝招『风雷神脚』成名的，这你总不至于不清楚吧？
Story/D_2_2_5_4_056,我自然知道，那风雷神脚乃是解师兄以家学揉合我派心法，另辟蹊径所创。\n出脚挟带天地威势，卷起落叶有如龙卷，威力无穷。
Story/D_2_2_5_4_057,可惜以后都没有风雷神脚了。
Story/D_2_2_5_4_058,失传了？莫非解师兄被刘颚那厮伤了双腿？这才迟迟不回峨嵋山？
Story/D_2_2_5_4_059,都不是，你且听我仔细说来。\n话说解少侠先前造访上官家时，刚巧碰到刘颚那厮率白鲨帮侵扰民生。
Story/D_2_2_5_4_060,那以解师兄的性子，定是出手保护百姓了。
Story/D_2_2_5_4_061,要说保护……也不对，\n白鲨帮侵扰民生的方法，是挨家挨户往窗户里丢活鱼。\n你可别以为这是做好事，这是公然破坏渔商秩序，向沧帮叫板。
Story/D_2_2_5_4_062,不过解少侠确实是出手了没错。\n他嫌鱼臭，熏得上官小娘子秀眉紧促，便有意在上官小娘子面前显威风，\n发一声喊，便跃出踢倒白鲨帮众，拦住那魔头刘颚的去路，要他伏诛。
Story/D_2_2_5_4_063,呃，跟我想的不太一样。\n不过据说刘颚是最年轻的法王，若非为恶，也算人杰。\n他们二个年轻高手相斗，一定很精采。
Story/D_2_2_5_4_064,你又错了，简直一面倒。\n刘颚随手抢了路人的配剑，使出的剑招不攻不守，却全是欺人要害，不得不防。\n你那师兄被闹了个手忙脚乱，多大本事都使不出来，竟气得吐血饮败。
Story/D_2_2_5_4_065,我不信，我师兄的本事，我是亲眼见过的\n除非是全真丘真人、魔教天王座那样的绝世高手，\n我还不信有旁人能如此戏耍他。
Story/D_2_2_5_4_066,那日被狂徒刘颚抢剑的人，就是我。
Story/D_2_2_5_4_067,哈？！
Story/D_2_2_5_4_068,我也在现场，那日是上官家接圣旨，开延宴请朝廷来使的日子，\n也邀了些武林同道前往，共襄盛举，\n虽无今日人多，也算是大庭广众下发生的事。
Story/D_2_2_5_4_069,那还真是……名声扫地，比死了还惨。
Story/D_2_2_5_4_070,更过份的还在后头。\n刘颚和解少侠是有打赌的，若解少侠赢了，刘颚就要去官府伏首认罪。\n结果刘颚赢了。
Story/D_2_2_5_4_071,他既没取人性命，莫非他是要求我师兄退隐？
Story/D_2_2_5_4_072,不，那刘颚是个疯子。\n不要别的，只要解少侠将『风雷神腿』改名为『很是用力踢』。\n然后你师兄就哭着跑掉了。
Story/D_2_2_5_4_073,……。
Story/D_2_2_5_4_074,顺带一提，那刘颚还我剑的时候，笑嘻嘻送我一条鱼当谢礼。\n但是我拔剑出来一看，却又被他暗运内力震成三截。\n完全不知道他在想什么。
Story/T_2_2_5_4_008,……这个刘颚，只怕比大师兄还疯上一大截。\n大师兄顶多欠骂，多少还有侠义为怀。\n那刘颚却是彻底的疯了，无法无天。
Story/N_2_2_5_4_008,你暗暗庆幸，住在海边的是上官家不是唐门，\n用不着跟那个刘颚打交道。
Story/O_2_2_5_4_003,似乎在议论不健康话题
Story/D_2_2_5_4_075,可惜～这寿宴人虽多，却没见到几个漂亮小娘子。\n纵有雌的，也是粗手大脚的女汉子，没一个标致货色。
Story/D_2_2_5_4_076,老兄，这样议论女子，岂不是有点不好？
Story/D_2_2_5_4_077,有什么不好？窈窕淑女，君子好逑。\n男未婚女未配，保不准我未来姻缘就在此处，品评一下有甚么打紧？\n她们又不会被我看掉一块肉。
Story/D_2_2_5_4_078,素闻崆峒派中有一位『夺魄幽兰』夏侯姑娘，\n听说美得惊心动魄，都说是武林第一美人，你怎么还稀罕这些平庸货色？
Story/D_2_2_5_4_079,夏侯师姐？那美是真的美，也得我有那个命啊。\n我派那四尊，早给未来掌派人预定了，我若去觊觎，岂非嫌命长吗？\n我倒还不如去觊觎你亲妹子。
Story/D_2_2_5_4_080,不巧的很，我家就我一个，没有妹妹。
Story/D_2_2_5_4_081,你没有妹妹，你娘亲也凑合。
Story/D_2_2_5_4_082,你找死是吧！
Story/D_2_2_5_4_083,上官家的千金也是远近驰名的大美人儿，\n只可惜人家已经名花有主，和南宫世家许了亲的。\n说到这个，怎么这当儿还没见到上官世家来人赴宴贺寿？
Story/D_2_2_5_4_084,那定是携带的礼物多了，不免会耽搁一下。\n武林三大世家，排场肯定不会小的，我说的不算唐门啊，呵呵。
Story/N_2_2_5_4_009,说着，同桌人讥嘲的眼色一同朝你射来，\n彷佛找到了共识，瞬间团结一致。
Story/D_2_2_5_4_085,南宫世家本家有二位貌若潘安的贵公子，分家尚有女儿无数。\n上官世家虽一脉相传，却有位千金大小姐，堪称绝代佳人。\n不知现如今，唐门有些什么？
Story/D_2_2_5_4_086,只怕他们只能给好处，招些外姓人家，改宗姓唐。\n真正唐家的血脉，早已没了吧，哈哈。\n你说是不是呀，这位唐门高足？
Story/D_2_2_5_4_087,……。
Story/D_2_2_5_4_088,唐门说是世家，其实收容了天下百姓之人。\n我们流着不同的血，却仍是家人，这是天下大同的体现。\n祖师爷心向超远，岂能受限于家门俗见？
Story/D_2_2_5_4_089,唐门的血脉，至今仍鲜活脉动着，未来也会。\n唐门的精神也会传承到后世，不劳各位费心。
Story/N_2_2_5_4_010,你一席话不亢不卑，令挑衅之人哑口无言。\n你所言之事，是大道之行，有古时圣人背书，无懈可击，\n这等江湖草莽，压根无言可对。
Story/D_2_2_5_4_090,你把我唐门小师妹放哪里去？\n我默默的不说话，你们就当我伟哉小师妹不存在吗！
Story/D_2_2_5_4_091,是听闻唐门有位掌上明珠，但没人见过。\n该不会是长得太丑，见不得人才不敢下山吧！哈哈！
Story/D_2_2_5_4_092,{size=40}我要将你碎尸万段！！{/size}
Story/D_2_2_5_4_093,打架了！唐门弟子打人了！
Story/N_2_2_5_4_011,南宫族人匆匆赶来劝架，将你俩分开。两方各执一词，一时难分对错。\n旁边几人为崆峒弟子说话，你顿时便落于下风，气得杀人的心都有了。\n大师兄拍手叫好，其他师兄却暗恼你太过冲动，先打了人，有理也说不清了。
Story/D_2_2_5_4_094,你把我唐门小师妹放哪里去？\n我默默的不说话，你们就当我伟哉小师妹不存在吗！
Story/D_2_2_5_4_095,是听闻唐门有位掌上明珠，但没人见过。\n该不会是长得太丑，见不得人才不敢下山吧！哈哈！
Story/D_2_2_5_4_096,{size=40}我要将你碎尸万段！！{/size}
Story/D_2_2_5_4_097,师兄，你叫我？
Story/D_2_2_5_4_098,小师妹，这些人在说你的坏话，我正准备教训他们。
Story/D_2_2_5_4_099,没有那种事，唐姑娘，你家下人胡说八道，别信他的。
Story/D_2_2_5_4_100,不过，这位唐小娘子……生得真好看啊，\n哎唷，一时情不自禁，唐突了佳人，还请恕罪则个。
Story/T_2_2_5_4_009,原来唐门小师妹是这副模样，和我们点苍小师妹可谓不分轩轾。\n真的是见了就让人心头一紧，我以后可得对唐门客气点。\n在师门多帮唐门说好话，说不定将来有望联姻呢，呵呵！
Story/D_2_2_5_4_101,你们几个臭不要脸的，竟说了人坏话，还敢不认？\n唐小娘子别恼，我来替你讨回公道！
Story/D_2_2_5_4_102,我们之中出了一个叛徒！
Story/D_2_2_5_4_103,拍拍，不要生气，我没关系。
Story/D_2_2_5_4_104,啊……。
Story/D_2_2_5_4_105,不生气了吗？
Story/D_2_2_5_4_106,不生气了，你别离席太久，快回去吧。
Story/D_2_2_5_4_107,那好。
Story/N_2_2_5_4_012,小师妹压根没听那几人辩解，他们反倒自己内哄打了起来。\n小师妹给你拍了拍背，为你顺气，便回座位去了。
Story/D_2_2_5_4_108,师兄，这个栗子米糕，给你。
Story/D_2_2_5_4_109,这个不好吃吗？你怎么能放过它？
Story/N_2_2_5_4_013,小师妹摇了摇头。
Story/D_2_2_5_4_110,甜甜的，特别好吃。\n可是你们桌上没有，所以给你。
Story/N_2_2_5_4_014,小师妹将栗子米糕给你，便又回去了。
Story/D_2_2_5_4_111,小师妹心地无暇，单纯善良，她才是天下第一美人。
Story/D_2_2_5_4_112,我就坐这静静吃饭，哪里惹到你们？\n你们想挑衅生事，问过南宫世家了没有？\n要不我去问南宫世伯借地方，别阴阳怪气说废话，打一架爽快！
Story/N_2_2_5_4_015,你疾言厉色，一阵抢白将令挑衅之人敢怒不敢言。\n眼看你不是软柿子，不好欺负，唯恐闹大了得罪南宫世家，\n只得摸摸鼻子算了，只有暗暗将你这人记下了，日后再想办法要你好看。
Story/D_2_2_5_4_113,本门事情，实不足别派朋友们挂齿。\n再说我这样的外姓弟子，也没资格说三道四。\n唐门师兄们都在那席，不妨我便去请我二师兄过来和各位聊天。
Story/D_2_2_5_4_114,你是说『辣手相公』？不、不不不用了吧。
Story/D_2_2_5_4_115,我我什么都没说喔，是这个点苍朋友说的。
Story/D_2_2_5_4_116,哼，哼──怕你何来，你唐门不过是点苍的……
Story/D_2_2_5_4_117,二师──
Story/D_2_2_5_4_118,哎呀，开个小玩笑调侃你而已。\n再怎么样也不能不给南宫世家面子呀，兄弟你说是吧？
Story/N_2_2_5_4_016,与你同桌的各派门人均是色厉内荏之人，只敢逞口舌之快，\n你也不动气，四两拨千金，一提及二师兄，那群人顿时便怂了。\n对你分外客气，称兄道弟起来。
